9 5 5 0 0
0 0 0 0 0
3 0 0 0 0
494 0 76 0 0
264 14 0 0 0
61 29 36 0 0
955 12 67 0 0
27 0 9 0 0
0 0 0 0 0
59 0 77 0 0
208 0 20 0 0
3 0 0 0 0
82 0 5 0 0
1038 0 539 0 3
736 4 42 0 0
10 0 0 0 0
73 0 0 0 0
182 0 341 0 2
0 0 0 0 0
10 0 222 0 0
0 0 0 0 0
154 0 9 0 0
0 0 0 0 0
39 0 0 0 0
68 6 20 5 0
49 0 4 0 0
5 0 0 0 0
0 0 0 0 0
11 0 0 0 0
23 0 0 0 0
11 0 0 0 0
3 0 0 0 0
6 0 0 0 0
16 0 0 0 0
32 0 0 0 0
5 0 0 0 0
8 0 0 0 0
8 0 0 0 0
10 0 0 0 0
17 0 0 0 0
41 0 0 0 0
42 0 35 0 0
0 0 3 0 0
7 0 45 0 0
35 0 4 0 0
63 0 15 0 0
88 0 141 0 0
0 0 14 0 0
97 0 29 0 0
99 0 20 0 0
516 0 68 0 0
86 0 0 0 0
0 0 0 0 0
16 4 0 0 0
225 0 0 0 0
129 8 21 0 0
317 0 445 0 0
130 0 0 0 0
1058 0 61 0 0
5 70 470 0 0
0 0 0 0 0
52 0 333 0 0
0 0 0 0 0
11 0 0 0 0
194 6 0 0 7
0 0 0 0 0
30 0 4 0 0
127 0 46 0 0
7 0 0 0 0
30 0 0 0 0
11 0 0 0 0
19 0 5 0 0
51 0 5 0 0
29 0 0 0 0
160 0 7 3 0
89 14 0 3 0
0 0 0 0 0
3 0 0 0 0
77 0 0 0 0
43 0 0 0 0
38 0 0 0 0
13 0 0 0 0
68 0 0 0 0
40 0 0 0 0
41 0 0 0 0
11 0 0 0 0
11 0 0 0 0
8 0 0 0 0
5 0 0 0 0
0 6 0 0 0
7 0 0 0 0
18 0 0 0 0
37 5 0 0 0
8 0 0 0 0
153 20 53 18 5
0 9 0 0 0
83 0 12 0 0
5 10 0 0 0
41 0 0 0 0
0 0 38 0 0
46 0 0 0 0
30 0 0 0 0
60 0 0 0 0
13 0 0 0 0
9 0 0 0 0
3466 19 6 6 5
9 0 0 0 0
79 0 0 0 0
67 0 0 0 0
20 0 0 0 0
26 0 0 0 0
106 0 0 0 0
0 0 0 0 0
200 0 15 0 0
3 0 0 0 0
224 10 5 0 0
0 0 8 0 0
5 0 0 0 0
10 0 0 0 0
32 0 0 0 0
98 0 0 0 0
0 0 0 0 0
90 0 0 0 0
207 0 28 0 0
7 0 0 0 0
4 0 0 0 0
12 6 13 0 0
0 0 0 0 0
0 0 18 0 0
0 0 61 0 0
0 0 0 0 0
18 0 0 0 0
0 0 0 0 0
36 15 8 3 0
4 0 0 0 0
8 0 0 0 0
44 0 0 0 0
67 0 0 0 0
19 0 0 0 0
4 0 0 0 0
41 0 0 0 0
0 0 6 0 0
13 0 0 0 0
5 0 0 0 0
79 0 40 0 0
20 0 0 0 0
6 0 0 0 0
18 0 0 0 0
4 0 0 0 0
125 0 0 0 0
33 0 0 0 0
5 0 0 0 0
6 0 0 0 0
33 0 0 0 0
0 0 46 0 0
0 0 0 0 0
0 0 398 0 0
0 0 274 0 0
38 0 0 0 0
0 0 0 0 0
0 0 256 0 0
0 0 0 0 0
32 0 9 0 0
0 0 0 0 0
75 0 1575 0 0
121 0 22 0 0
0 0 29 0 0
97 0 10 0 0
7 0 0 0 0
120 0 4 11 0
0 0 1316 26 0
0 0 0 0 0
0 0 69 0 0
25 0 476 0 0
0 0 97 0 0
0 18 286 0 0
15 0 323 0 0
0 0 506 0 0
0 0 52 0 0
52 0 18 0 0
0 0 0 0 0
0 0 0 0 0
15 0 0 0 0
0 0 0 0 0
67 0 0 0 0
7 0 0 0 0
8 0 0 0 0
4 0 0 0 0
31 0 0 0 0
45 0 14 0 0
28 0 0 0 0
0 0 0 0 0
33 0 0 0 0
62 0 7 0 0
268 0 0 0 0
18 0 0 0 0
171 0 0 0 16
6 0 0 0 0
3 0 6 0 0
92 0 17 0 0
509 18 155 0 0
0 0 0 0 0
3 0 4 0 0
5 0 0 0 0
10 0 0 0 0
2 0 0 0 0
9 0 3 0 0
34 0 6 0 0
6 0 9 0 0
0 0 0 0 0
13 0 17 0 0
6 0 0 0 0
0 0 0 0 0
3 0 0 0 0
50 0 12 0 0
29 0 0 0 0
15 0 0 0 0
5 0 0 0 0
32 0 0 0 0
3 0 0 0 0
5 0 0 0 0
37 0 0 0 0
163 0 0 0 0
44 0 0 0 0
214 0 1159 0 0
52 0 21 0 0
55 0 25 0 0
0 0 0 0 0
4 0 0 0 0
5 0 0 0 0
37 0 34 0 0
0 0 0 0 0
0 0 0 0 0
14 0 0 0 0
80 0 0 0 0
307 0 0 0 0
728 0 348 0 0
0 0 0 0 0
0 0 0 0 0
30 6 0 0 0
7 0 0 0 0
18 0 0 0 0
8 0 24 0 0
101 0 7 0 0
17 0 0 0 0
0 0 0 0 0
0 0 0 0 0
8 0 0 0 0
0 0 0 0 0
9 0 0 0 0
6 0 0 0 0
4 8 0 0 0
4 0 0 0 0
0 0 0 0 0
0 0 0 0 0
3 0 0 0 0
2 0 0 0 0
0 0 190 0 0
0 0 0 0 0
0 0 16 0 0
178 0 1215 11 0
0 0 0 0 0
49 0 246 0 0
0 0 0 0 0
0 0 11 0 0
22 0 264 0 0
0 0 0 0 0
0 0 0 0 0
17 0 0 0 0
11 0 10 0 0
23 0 44 41 0
32 0 0 0 0
19 0 0 0 0
41 0 0 0 0
0 0 612 0 0
0 0 0 0 0
14 0 424 6 0
0 0 0 0 0
0 0 30 0 0
0 0 0 0 0
26 111 458 0 0
0 0 0 0 0
18 0 239 0 0
0 8 14 0 0
3 3 2 0 0
0 17 16 0 0
0 3 0 0 0
16 0 73 0 0
0 0 0 0 0
0 0 10 0 0
0 0 0 0 0
18 0 0 0 0
0 0 0 0 0
0 0 204 0 0
0 0 0 0 0
66 0 246 0 0
25 0 0 0 0
0 0 0 0 0
41 0 1 7 0
0 0 0 0 0
9 0 12 2 0
2 0 3 7 0
27 0 7 4 0
31 0 12 6 0
18 0 0 0 0
0 0 0 0 0
120 0 8 0 0
0 0 0 0 3
200 0 239 0 0
0 0 0 0 7
0 0 66 0 0
0 0 10 0 0
0 0 17 0 5
0 0 34 0 0
0 0 0 0 3
0 0 0 0 16
0 0 6 0 0
0 0 7 0 0
0 0 26 0 6
0 0 18 0 0
0 0 14 0 0
0 0 0 0 0
0 36 499 0 0
0 0 0 0 0
0 0 62 0 0
0 0 12 0 0
0 0 0 0 0
18 0 0 0 0
6 0 12 0 0
12 0 0 0 0
40 0 44 0 0
0 0 0 0 0
0 0 0 0 0
0 0 88 0 0
0 0 118 0 0
0 0 0 0 0
0 0 483 0 0
0 0 0 0 0
0 0 247 0 0
0 0 0 0 0
0 0 0 0 0
70 0 286 0 0
0 0 0 0 0
7 0 556 0 0
0 0 48 0 0
0 0 0 0 0
0 0 66 0 0
11 0 754 0 0
26 0 146 0 0
0 0 133 0 0
0 0 0 0 0
0 0 19 0 0
0 0 0 0 0
0 0 32 0 0
0 0 0 0 0
0 0 34 0 0
0 0 0 0 0
10 0 0 0 0
0 0 0 0 0
0 0 429 20 0
0 0 0 0 0
0 0 324 0 0
34 0 736 0 0
48 0 14 18 0
0 0 0 0 0
0 0 14 0 0
0 0 0 0 0
0 0 0 0 0
207 3 3 0 0
0 0 0 0 0
0 0 0 0 0
0 0 25 0 0
0 0 0 0 0
0 0 0 0 0
0 0 30 0 0
0 0 0 0 0
15 0 0 0 0
0 0 0 0 0
1708 0 5 0 0
728 0 0 0 0
890 0 0 0 0
28 0 0 0 0
30 0 0 0 0
15 0 0 0 0
439 0 0 0 0
90 0 17 0 0
16 0 0 0 0
5 0 0 0 0
110 0 0 0 0
6 0 0 0 0
91 0 0 0 0
9 0 19 0 0
0 0 20 0 0
0 0 0 0 0
0 0 0 0 0
0 0 0 0 0
19 0 5 0 0
0 0 0 0 0
0 0 29 0 0
0 0 0 0 0
22 0 165 0 0
0 10 33 0 0
0 0 0 0 0
0 0 17 0 0
0 0 0 0 0
22 0 48 0 0
0 0 0 0 0
33 0 248 0 0
0 0 25 0 0
0 0 73 0 0
0 0 278 0 0
48 0 237 0 0
56 0 195 0 0
0 0 195 0 0
0 0 379 0 0
0 0 319 0 0
0 0 266 0 0
25 0 0 0 0
0 0 0 0 0
23 0 0 0 0
8 0 0 0 0
6 0 0 0 0
0 0 0 0 0
23 0 86 0 0
0 0 0 0 0
33 0 31 0 0
0 0 24 0 0
0 0 0 0 0
0 0 20 0 0
0 0 0 0 0
0 0 10 0 0
0 0 0 0 0
0 0 216 0 0
0 0 0 0 0
0 0 10 0 0
0 0 0 0 0
0 0 0 0 0
46 0 0 0 0
7 0 0 0 0
7 0 0 0 0
716 33 118 6 0
55 0 0 0 0
34 0 8 0 0
188 0 27 0 0
11 0 0 0 0
46 0 14 0 0
48 0 0 0 0
4 0 0 0 0
0 0 0 0 0
0 0 0 0 0
12 0 0 0 0
0 0 0 0 0
30 0 0 0 0
0 0 6 0 0
0 0 6 0 0
12 0 0 0 0
137 0 3 0 0
0 0 0 0 0
4 0 0 0 0
24 0 3 0 0
0 0 0 0 0
6 0 0 0 0
17 0 20 0 0
9 0 0 0 0
21 0 0 0 0
0 0 0 0 0
3 0 0 0 0
0 0 0 0 0
19 0 0 0 0
30 0 0 0 0
21 0 0 0 0
32 0 0 0 0
23 0 0 0 0
12 0 0 0 0
19 0 0 0 0
13 0 0 0 0
6 0 0 0 0
8 0 0 0 0
21 0 0 0 0
0 0 325 0 15
0 0 0 0 0
0 0 0 0 0
5 16 182 0 0
0 0 0 0 0
0 0 3 0 0
3 5 52 0 0
0 38 14 0 0
0 0 7 0 0
4 9 0 0 0
0 6 0 0 0
18 0 8 0 0
0 0 6 5 0
0 0 18 0 0
0 0 0 0 0
25 0 0 0 0
13 0 0 0 0
49 0 0 0 0
26 0 0 0 0
26 0 0 0 0
40 0 0 0 0
26 0 0 0 0
0 0 0 784 0
37 0 0 0 0
0 0 0 114 0
0 0 0 34 0
0 8 5 0 0
0 0 0 48 0
0 0 0 0 0
12 0 0 0 0
12 0 0 48 0
84 0 0 18 0
6 0 0 0 0
168 0 0 222 0
0 0 0 234 0
6 0 0 0 0
199 16 57 37 0
18 0 0 0 0
0 0 0 0 0
5 0 0 0 5
20 0 0 0 0
8 0 0 0 0
45 0 0 0 0
55 0 3 0 0
54 0 0 0 0
0 0 0 0 0
74 0 0 0 0
29 0 0 0 0
13 0 0 0 0
15 0 0 0 0
16 0 0 0 0
0 0 0 0 0
36 0 9 0 0
0 13 200 0 0
0 0 0 0 0
0 0 0 0 0
0 0 0 49 0
0 0 0 0 0
22 0 36 0 0
28 0 0 0 0
4 0 13 0 0
24 0 0 0 0
18 0 0 0 0
17 0 0 0 0
0 0 0 0 0
0 0 0 0 0
12 0 0 0 0
0 0 0 0 0
18 0 0 0 0
6 0 0 0 0
12 0 0 0 0
18 0 0 0 0
56 0 0 0 0
0 0 0 0 0
15 0 0 0 0
55 0 10 0 0
17 0 0 0 0
0 0 0 23 0
0 0 0 0 0
0 0 0 117 0
18 0 0 0 0
40 0 0 0 0
15 0 0 30 0
104 0 0 0 0
29 0 0 0 0
28 0 0 0 0
139 0 0 25 0
115 0 0 0 0
145 0 0 0 0
0 0 0 35 0
0 0 0 0 0
90 0 299 0 0
0 0 0 0 0
0 0 0 0 0
0 0 23 0 0
0 0 0 0 0
0 0 0 0 0
0 0 12 0 0
0 0 0 0 0
0 0 0 0 0
0 0 65 0 0
0 0 0 0 0
3 0 12 0 0
0 0 0 0 0
0 0 0 0 0
22 0 0 0 0
0 0 0 0 0
7 0 0 0 0
6 0 0 0 0
0 0 26 0 0
0 0 0 0 0
0 0 21 0 0
0 0 0 0 0
0 0 0 0 0
0 0 25 0 0
0 0 0 0 0
0 0 0 0 0
0 0 48 0 0
0 0 0 0 0
0 0 0 0 0
0 0 0 0 0
0 0 15 0 0
0 0 0 0 0
54 0 412 0 0
0 0 0 0 0
52 39 47 11 0
0 0 0 0 0
0 0 25 0 0
0 0 0 0 0
0 0 0 0 0
3 0 0 0 0
0 0 0 0 0
0 0 9 0 0
0 0 64 0 0
0 0 8 0 0
25 0 2 4 0
0 0 0 0 0
21 0 0 0 0
50 0 19 0 0
16 0 0 0 0
6 0 0 0 0
64 0 0 0 0
42 0 0 0 0
18 0 0 0 0
0 0 38 0 0
0 0 0 0 0
6 0 0 0 0
0 0 0 0 0
31 0 0 0 0
10 0 7 0 0
141 0 5 0 0
0 0 0 0 0
4 0 0 0 0
11 0 0 0 0
81 0 18 0 0
4 0 0 0 0
12 0 0 0 0
12 0 0 0 0
4 0 0 0 0
30 0 0 0 0
0 0 0 0 0
7 0 0 0 0
7 0 0 0 0
24 0 12 0 5
45 0 0 0 0
0 0 27 0 0
0 0 0 0 0
0 0 0 0 0
0 0 0 17 0
0 0 95 0 0
0 0 0 0 0
0 0 0 0 0
0 0 0 0 0
62 0 57 28 0
52 0 0 0 0
0 0 0 0 0
58 0 0 0 0
17 0 0 0 0
0 0 0 0 0
0 0 22 0 0
0 0 0 0 0
0 0 99 0 0
0 0 20 0 0
0 0 0 0 0
6 0 0 0 0
44 0 0 0 0
2 0 0 0 0
0 0 0 0 0
24 0 0 0 0
7 0 0 0 0
10 0 0 0 0
100 0 0 0 0
56 0 0 0 0
13 0 0 0 0
66 0 0 0 0
4 0 0 0 0
4 0 0 0 0
4 0 0 0 0
185 0 286 45 0
0 0 0 0 0
0 0 0 0 0
0 2 5 0 0
0 0 16 0 0
0 0 0 0 0
37 0 0 0 0
0 0 8 0 0
67 0 0 0 0
31 0 0 0 0
7 0 0 0 0
4 0 22 0 0
11 0 0 0 0
73 0 37 0 0
0 0 0 0 0
27 0 0 0 0
6 0 0 0 0
0 0 30 0 0
0 0 0 0 0
29 0 179 0 0
0 0 6 0 0
0 0 0 0 0
0 0 3 0 0
0 0 149 0 0
0 0 3 0 0
0 0 0 0 0
0 0 10 0 0
0 0 0 0 0
0 0 15 0 0
0 0 0 0 0
0 0 50 0 0
60 0 49 0 0
0 0 0 0 0
0 0 25 0 0
0 0 0 0 0
0 0 5 0 0
0 0 20 0 0
0 0 0 0 0
0 0 0 0 0
23 0 115 0 0
6 0 0 0 0
26 0 3 0 0
0 0 3 0 0
3 0 0 0 0
53 0 9 0 0
20 0 116 0 0
0 0 0 0 0
0 0 0 0 0
0 0 33 0 0
0 0 0 0 0
0 0 0 2 0
34 0 0 0 0
0 0 0 0 0
0 0 0 0 0
0 8 0 0 0
0 0 0 0 0
4 6 19 2 0
0 0 0 0 0
3 0 0 0 0
21 0 19 9 0
0 0 16 0 0
0 0 0 0 0
18 0 7 0 0
8 0 0 0 0
12 0 0 0 0
3 0 0 0 0
30 0 0 0 0
0 0 0 0 0
25 0 0 0 0
19 0 0 0 0
109 0 0 0 0
0 0 13 0 0
0 0 0 0 0
34 0 986 0 0
0 0 0 0 0
0 0 0 0 0
14 0 0 0 0
0 0 0 0 0
8 0 0 0 0
12 0 0 0 0
7 0 0 0 0
18 0 0 0 0
15 0 0 0 0
9 0 0 0 0
0 11 0 0 0
0 0 43 0 0
0 6 0 0 0
30 10 0 0 0
0 0 67 0 0
0 0 0 0 0
20 0 0 0 0
27 0 218 0 0
0 0 0 0 0
0 0 43 0 0
0 0 0 0 0
5 0 0 0 6
82 0 0 0 0
71 0 17 0 0
20 0 0 0 0
0 0 16 0 0
0 0 12 59 0
3 0 0 0 0
0 0 0 0 0
0 0 26 0 0
0 0 40 0 0
0 0 0 0 0
53 0 0 0 0
0 0 44 0 0
0 0 0 0 0
244 0 6 0 0
33 0 0 0 0
5 0 0 0 0
0 0 0 0 0
0 0 5 0 0
0 0 0 0 0
52 0 24 0 0
0 0 0 0 0
0 0 0 142 0
0 0 129 0 0
0 0 44 0 0
39 0 0 0 0
0 0 0 0 0
11 0 0 0 0
6 0 0 0 0
41 0 0 0 0
56 0 0 0 0
10 0 0 0 0
6 0 0 0 0
19 0 0 0 0
9 0 0 0 0
19 0 0 0 0
22 0 0 0 0
4 0 0 0 0
5 0 0 0 0
0 0 0 0 0
6 0 0 0 0
48 0 0 0 0
10 0 0 0 0
10 0 0 0 0
5 0 0 0 0
13 0 0 0 0
13 0 0 0 0
10 0 0 0 0
0 0 50 0 0
0 0 0 0 0
0 0 0 64 0
0 0 0 0 0
34 0 0 0 0
33 0 0 0 0
55 0 0 0 0
0 0 43 0 0
0 0 55 0 0
27 0 0 0 0
45 0 0 65 0
26 0 0 16 0
0 0 0 0 0
44 0 0 0 0
26 0 0 0 0
52 0 0 0 0
59 0 0 0 0
0 0 0 36 0
34 0 0 0 0
24 0 0 0 0
43 0 0 0 0
0 0 0 76 0
0 0 0 38 0
27 0 0 0 0
4 0 0 0 0
5 0 4 0 0
3 0 0 0 0
7 0 0 0 0
15 0 0 0 0
3 0 2 0 0
0 0 0 0 0
10 0 0 0 0
7 0 0 0 0
45 0 0 0 0
38 0 0 0 0
5 0 0 0 0
13 0 0 0 0
16 0 0 0 0
10 0 0 0 0
9 3 0 0 0
35 0 19 0 0
0 0 10 0 0
18 0 12 0 0
6 0 8 0 0
69 0 8 0 0
38 0 0 19 0
3 0 22 0 0
7 0 0 0 0
0 0 9 0 0
0 0 0 0 0
0 0 498 0 0
0 0 36 0 0
0 0 0 0 0
13 0 0 0 0
6 0 0 0 0
27 0 0 0 0
0 0 0 0 0
0 0 25 0 0
0 0 0 0 0
0 0 20 0 0
0 0 0 0 0
15 0 0 0 0
25 0 0 0 0
7 0 0 0 0
80 0 0 0 0
55 0 105 0 0
0 0 63 0 0
0 0 0 0 0
0 0 5 0 0
115 0 0 0 0
21 0 36 0 0
49 0 43 17 0
3 0 23 0 0
34 0 0 0 0
6 0 0 0 0
7 0 0 0 0
52 0 11 0 0
0 0 0 0 0
0 0 41 0 0
0 0 56 0 0
0 0 292 0 0
55 0 0 0 0
0 0 0 0 0
11 0 0 0 0
3 0 0 0 0
0 0 6 0 0
30 0 0 0 0
0 0 0 0 0
9 0 0 0 0
154 0 0 0 0
20 0 13 0 0
0 0 0 0 0
0 0 0 0 0
13 0 0 0 0
4 0 3 0 0
22 0 0 8 0
164 0 11 0 0
41 0 0 0 0
17 0 0 0 0
9 0 0 0 0
25 0 0 0 0
4 0 0 0 0
64 0 0 0 0
422 0 0 0 0
4 0 0 0 0
4 0 0 0 0
0 0 231 0 0
0 0 0 0 0
0 0 0 0 0
43 0 0 0 0
0 0 2 0 0
0 0 6 0 0
11 0 0 0 0
3 0 0 0 0
4 0 0 0 0
18 0 7 0 0
17 0 0 0 0
10 0 0 0 0
3 0 0 0 0
40 16 0 0 0
5 0 5 0 0
12 0 155 0 0
0 0 0 0 0
21 0 0 0 0
22 0 0 0 0
5 0 0 0 0
0 0 0 0 0
0 0 0 0 0
4 0 0 0 0
4 0 0 0 0
4 0 4 0 10
0 0 24 0 0
0 0 0 0 0
23 0 0 0 0
3 0 14 0 0
0 0 5 0 0
0 0 5 0 0
0 0 7 0 0
0 0 5 0 0
0 0 0 0 0
0 0 0 0 0
0 0 0 0 0
6 0 14 0 0
0 0 7 0 0
73 0 21 0 0
0 0 24 0 0
0 0 0 71 0
7 0 42 50 0
0 0 0 9 0
3 0 9 0 0
0 0 0 0 0
0 0 93 0 0
0 0 0 0 0
2 0 0 0 0
0 0 0 0 0
29 0 0 0 0
8 0 0 0 0
5 0 0 0 0
26 0 0 0 0
11 0 0 0 0
5 0 0 0 0
0 0 0 0 0
28 0 0 0 0
0 0 0 0 0
23 0 0 0 0
0 0 40 0 0
0 0 0 45 0
0 0 58 0 0
20 0 64 0 0
46 0 0 0 0
0 0 52 0 0
0 0 37 0 0
34 45 41 54 0
0 0 0 37 0
6 0 0 20 0
32 0 0 0 0
0 0 0 0 0
28 0 0 0 0
71 0 0 0 0
0 0 19 0 0
0 0 0 0 0
0 0 78 0 0
0 0 0 0 0
17 0 0 0 0
0 0 0 0 0
4 0 0 0 0
4 0 0 0 0
5 0 0 0 0
74 0 0 0 0
0 0 0 0 0
47 0 0 0 0
7 0 0 0 0
7 0 0 0 0
13 0 0 0 0
12 0 0 0 0
36 0 0 0 0
3 0 0 0 0
27 0 0 0 0
81 0 0 0 0
10 0 327 0 0
8 0 0 0 0
5 0 0 0 0
23 0 12 0 0
19 0 0 0 0
24 0 0 0 0
18 0 0 0 0
12 0 0 0 0
48 0 0 0 0
6 0 0 0 0
40 3 20 11 0
6 0 0 0 0
0 0 13 0 0
0 0 0 0 0
0 0 49 0 0
0 0 0 0 0
1230 0 0 0 0
0 0 10 0 0
40 0 0 0 0
980 0 0 0 0
108 0 0 0 0
496 0 0 0 0
124 0 0 0 0
472 0 0 0 0
55 0 0 0 0
0 0 0 0 0
87 0 35 0 0
0 0 0 0 0
0 0 3 0 0
0 0 0 0 0
0 5 12 0 0
25 0 0 0 0
0 0 0 0 0
41 0 0 0 0
15 0 0 0 0
0 0 0 0 0
0 0 10 0 0
0 0 0 0 0
6 0 0 0 0
18 0 0 0 0
3 0 0 0 0
56 0 0 0 0
16 0 0 0 0
8 0 0 0 0
3 0 0 0 0
5 0 0 0 0
0 0 0 0 0
5 0 10 0 0
4 0 5 0 0
9 0 0 0 0
15 0 0 0 0
102 0 0 0 0
4 0 0 0 0
0 0 0 0 0
0 0 0 0 39
0 0 0 0 0
0 0 58 0 0
16 0 50 0 0
0 0 0 0 4
0 0 16 0 0
0 5 0 0 0
0 0 0 0 40
0 0 29 0 0
0 0 5 0 0
0 0 0 0 1
0 0 0 0 26
0 0 15 0 0
0 0 9 0 0
13 0 6 5 0
0 0 0 0 0
4 0 0 0 0
22 0 0 0 0
5 0 0 0 0
85 0 15 0 0
5 0 0 0 0
0 0 0 0 0
4 0 0 0 0
4 0 0 0 0
19 0 0 0 0
22 0 7 0 0
8 0 0 0 0
7 10 5 0 0
13 0 0 0 0
7 0 0 0 0
5 0 0 0 0
4 0 0 0 0
6 0 0 0 0
48 0 0 0 0
6 0 0 0 0
71 0 0 0 0
10 0 0 0 0
21 0 0 0 0
4 0 0 0 0
6 0 18 0 0
5 0 0 0 0
89 0 15 0 0
68 0 4 0 0
22 0 0 0 0
0 0 0 0 0
95 0 36 0 0
0 0 0 0 0
279 0 0 0 0
58 0 8 14 0
0 0 0 0 0
0 0 0 0 0
79 0 13 0 0
4 0 0 0 0
25 0 0 0 0
5 0 0 0 0
0 0 18 0 0
0 0 0 0 0
0 0 0 0 0
23 0 0 0 0
14 0 0 0 0
22 0 0 0 0
11 0 0 0 0
56 0 0 0 0
0 0 0 0 0
41 0 0 0 0
31 0 0 0 0
0 0 0 0 0
5 0 6 0 0
11 0 3 0 0
0 0 19 0 0
0 0 0 0 0
0 0 7 0 0
40 0 0 0 0
15 0 0 0 0
0 0 0 0 0
0 0 29 0 0
0 0 7 0 0
0 0 0 0 0
3 0 0 0 0
0 0 0 0 0
4 0 0 0 0
4 0 0 0 0
18 0 4 0 0
9 0 0 0 0
0 0 0 0 0
39 0 0 0 0
113 0 6 0 0
12 0 0 0 0
10 0 0 0 0
21 0 0 0 0
10 0 5 0 0
100 0 0 0 0
22 0 0 0 0
2 0 0 0 0
0 0 163 0 0
0 0 0 0 0
4 0 0 0 0
0 0 0 0 0
9 0 0 0 0
0 0 0 0 0
73 0 17 3 21
6 0 2 0 0
0 0 7 0 0
25 0 3 6 0
1 0 0 1 0
24 0 0 0 0
11 0 0 0 0
4 0 0 0 0
6 0 0 0 0
4 0 0 0 0
32 0 0 0 0
75 0 0 0 0
53 0 4 0 0
0 0 26 0 0
0 0 0 0 0
13 0 12 8 0
0 0 7 1 0
11 0 7 7 0
0 0 0 0 0
0 0 0 0 0
30 0 0 0 0
0 0 0 0 0
0 0 0 0 0
0 0 0 0 0
18 0 137 0 0
0 0 0 0 0
0 0 0 0 0
0 0 0 0 0
0 0 0 0 0
5 0 0 0 0
0 0 0 0 0
29 0 0 0 0
36 0 0 0 0
0 0 37 0 0
0 0 11 0 0
0 0 0 0 0
11 0 0 0 0
0 8 17 0 0
5 0 0 0 0
0 5 0 0 0
2 0 0 0 0
10 0 0 0 0
0 0 0 0 0
0 0 0 0 0
0 0 8 0 0
19 0 0 0 0
0 0 0 0 0
0 0 35 0 0
0 0 0 0 0
0 0 18 0 0
0 0 0 0 0
0 0 21 0 0
0 0 104 0 0
0 0 0 0 0
32 0 0 0 0
0 0 0 0 0
0 0 30 0 0
0 0 15 0 0
0 0 14 0 0
0 0 0 0 0
20 0 0 0 0
0 0 3 0 0
0 0 0 0 0
2 0 0 0 0
10 0 0 0 0
1 0 3 0 0
0 0 149 0 0
0 0 0 6 0
4 0 0 0 0
10 0 0 0 0
26 0 0 0 0
0 0 0 0 0
14 0 0 0 0
7 0 0 0 0
0 0 10 0 0
0 0 0 0 0
0 0 9 0 0
0 0 0 0 0
0 0 16 0 0
19 0 0 0 0
0 0 0 0 0
0 0 10 0 0
8 0 0 0 0
0 0 0 0 0
0 0 0 0 0
4 0 0 0 0
0 0 11 0 0
0 0 0 0 0
16 0 0 0 0
5 0 0 0 0
0 0 233 0 0
0 0 66 0 0
0 0 0 0 0
0 0 0 0 0
30 0 0 0 0
27 0 0 0 0
0 0 0 0 0
4 0 0 0 0
28 0 0 0 0
56 0 4 0 0
65 0 0 0 0
8 0 0 0 0
15 0 0 0 0
5 0 0 0 0
110 0 0 61 0
160 0 31 0 0
20 0 0 0 0
23 0 0 0 0
120 0 105 0 0
20 0 572 0 0
0 0 0 0 0
0 0 60 0 0
0 0 0 0 0
0 0 0 0 0
0 0 0 0 0
0 0 3 0 0
0 0 0 0 0
16 0 0 0 0
0 0 20 0 0
0 0 0 0 0
4 0 0 0 0
0 0 0 0 0
40 0 3 0 0
35 0 30 0 0
0 0 0 0 0
19 0 0 0 0
0 0 0 0 0
15 0 0 0 0
0 0 0 0 0
12 0 0 0 0
5 0 0 0 0
25 0 37 0 0
4 0 0 0 0
20 0 0 0 0
1 0 0 0 0
0 0 0 0 0
6 0 0 0 0
11 0 0 0 0
0 0 0 0 0
0 0 125 0 0
0 0 0 0 0
0 0 0 0 0
18 0 0 0 0
80 0 0 0 0
4 0 0 0 0
3 0 0 0 0
47 0 5 28 0
0 0 7 0 0
22 0 0 0 0
43 0 0 0 0
5 0 0 0 0
27 0 12 0 0
35 0 0 0 0
3 0 0 0 0
34 0 0 0 0
37 0 0 0 0
0 0 0 0 0
20 0 0 0 0
39 0 0 0 0
49 0 0 0 0
170 0 0 0 0
66 0 0 0 0
0 0 18 0 0
18 0 0 0 0
4 0 0 0 0
0 0 21 0 0
0 0 0 0 0
0 0 20 0 0
0 0 46 0 0
0 0 0 0 0
0 0 102 0 0
0 0 0 0 0
0 0 0 0 0
0 0 0 0 0
0 0 21 0 0
0 0 89 0 0
0 0 224 0 0
0 0 0 12 0
0 0 0 0 0
7 0 0 0 0
22 0 5 0 0
0 0 8 0 0
0 0 0 0 0
53 0 18 0 0
0 0 300 0 0
0 0 0 0 0
0 0 9 0 0
0 0 0 0 0
0 0 21 0 0
0 0 19 0 0
0 0 38 0 31
0 0 6 0 0
0 0 6 0 0
0 0 0 0 2
0 0 0 0 0
0 0 31 0 0
0 0 0 0 0
13 0 0 0 0
0 0 0 0 0
0 0 0 0 0
0 0 83 0 0
0 0 8 0 0
0 0 0 0 0
16 0 0 0 0
0 0 6 0 0
0 0 0 0 0
0 0 0 0 0
0 0 0 0 0
0 0 0 0 0
0 0 19 0 0
0 0 0 0 0
0 0 25 0 0
0 0 0 0 0
78 0 0 0 0
0 0 0 0 0
5 0 0 0 0
0 0 0 0 0
0 0 66 0 0
0 0 0 0 0
0 0 7 0 0
0 0 0 0 0
0 0 0 0 0
98 0 0 0 0
0 0 0 0 0
114 0 0 0 0
0 0 0 46 0
0 0 29 0 0
60 0 0 0 0
35 0 0 0 0
22 0 0 0 0
35 0 0 0 0
0 0 0 97 0
31 0 0 0 0
26 0 0 0 0
0 0 0 0 0
24 0 0 0 0
66 0 0 0 0
87 0 0 0 0
102 0 0 0 0
0 0 18 0 0
0 0 0 0 0
0 0 0 0 0
0 0 0 0 0
16 0 0 0 0
13 0 0 0 0
20 0 0 0 0
4 0 0 0 0
13 0 0 0 0
30 0 0 0 0
0 0 84 0 0
0 0 0 0 0
38 0 0 0 0
18 0 0 0 0
23 0 0 0 0
0 0 0 0 0
0 0 65 0 0
0 0 46 0 0
0 0 78 0 0
0 0 130 0 0
0 0 0 19 0
0 0 29 0 0
0 0 24 0 0
0 0 53 0 0
0 0 0 0 0
30 0 0 0 0
22 0 4 0 0
89 0 0 0 0
0 0 0 0 0
3 0 18 0 0
0 0 0 0 0
49 0 0 0 0
28 0 0 0 0
0 0 0 0 0
9 0 0 0 0
0 0 0 0 0
6 0 0 0 0
27 0 3 0 0
5 0 0 0 0
0 0 0 0 0
0 0 23 0 0
0 0 0 0 0
0 0 0 0 0
54 0 0 0 0
7 0 61 0 0
0 0 12 0 0
7 0 0 0 0
0 0 0 0 0
0 0 0 0 0
0 0 30 0 0
0 0 0 0 0
0 0 18 0 0
0 0 0 0 0
0 0 0 0 0
0 0 0 0 0
0 0 13 0 0
0 0 0 0 0
18 0 30 9 0
0 0 0 0 0
0 0 0 0 0
0 0 0 0 0
0 0 0 0 0
0 0 0 0 0
0 0 30 0 0
0 0 0 0 0
0 0 0 0 0
41 0 125 5 0
0 0 42 0 0
15 0 18 0 0
0 0 41 0 0
0 0 64 0 0
0 0 56 0 0
36 0 174 0 0
0 0 78 0 0
0 0 0 0 0
0 0 468 0 0
32 0 517 0 0
49 0 59 0 0
0 0 98 0 0
22 0 590 0 0
0 0 101 0 0
0 0 22 0 0
0 0 0 0 0
5 0 0 0 0
3 0 0 0 0
4 0 0 0 0
16 0 0 0 0
7 0 0 0 0
10 0 0 0 0
4 0 0 0 0
30 0 0 0 0
22 0 0 0 0
0 0 0 0 0
0 0 0 0 0
0 0 13 0 0
0 0 65 0 0
0 0 38 0 0
0 0 23 0 0
0 0 195 0 0
0 0 17 0 0
0 0 124 0 0
0 0 51 0 0
0 0 195 0 0
0 0 0 0 0
0 0 0 0 0
0 0 18 0 0
39 20 0 0 0
0 0 0 0 0
27 0 0 0 0
0 0 0 0 0
0 0 104 0 0
0 0 0 0 0
0 0 14 0 0
0 0 17 0 0
0 0 19 0 0
0 0 49 0 0
0 0 36 0 0
0 0 39 0 0
0 0 237 0 0
0 0 64 0 0
0 0 267 0 0
0 0 235 0 0
0 0 20 0 0
0 0 0 0 0
0 0 0 0 0
0 0 67 0 0
0 0 0 0 0
0 0 0 0 0
0 0 30 0 0
23 0 52 0 0
0 0 0 0 0
0 0 30 0 0
0 0 0 0 0
0 0 32 0 0
0 0 0 0 0
8 0 0 0 0
0 0 0 0 0
3 0 0 0 0
0 0 0 0 0
58 0 0 0 0
0 0 29 0 0
0 0 0 0 0
80 0 0 0 0
0 0 0 0 0
0 0 0 0 0
0 0 6 0 0
0 0 0 0 0
40 0 0 0 0
4 0 0 0 0
8 0 0 0 0
24 0 0 0 0
50 0 0 0 0
22 0 0 0 0
327 0 11 0 0
0 0 22 0 0
0 0 0 0 0
61 0 0 0 0
0 0 0 0 0
63 0 0 0 0
10 0 0 0 0
0 0 4 0 0
0 0 0 0 0
0 0 65 0 0
0 0 37 0 0
0 0 0 0 0
0 0 8 0 0
0 0 39 0 0
10 0 0 0 0
0 0 0 0 0
7 0 0 0 0
0 0 55 0 0
12 0 0 0 0
39 0 0 0 0
0 0 28 0 0
0 0 0 0 0
0 0 21 0 0
29 0 0 0 0
5 0 0 0 0
0 0 0 0 0
4 0 2 4 0
41 0 113 21 0
36 0 0 0 0
16 0 0 0 0
10 0 0 0 0
13 0 0 0 0
20 0 0 0 0
0 0 0 0 0
0 0 0 0 0
0 0 0 0 0
0 0 0 0 0
0 0 41 0 0
0 0 0 0 0
10 0 0 0 0
0 0 0 0 0
0 0 24 0 0
220 9 0 0 0
0 0 0 0 0
15 0 0 0 0
12 0 0 0 0
9 0 0 0 0
115 0 0 0 0
35 0 0 0 0
48 0 0 0 0
0 0 0 0 0
0 0 0 0 0
36 0 0 4 0
0 0 0 20 0
0 0 0 0 0
0 0 0 0 0
0 0 0 0 0
5 0 0 0 0
0 0 0 0 0
8 0 0 0 0
10 0 0 0 0
9 0 0 0 0
0 0 0 0 0
0 0 0 0 0
4 0 0 0 0
14 0 0 0 0
9 0 0 0 0
8 0 0 0 0
7 0 0 0 0
10 0 0 0 0
4 0 0 0 0
0 0 0 0 0
30 0 0 0 0
0 0 0 0 0
0 0 0 0 0
52 0 56 0 0
21 0 0 0 0
0 0 26 0 0
124 0 10 0 0
72 0 0 0 0
16 0 0 0 0
0 16 7 0 0
2 0 0 0 0
8 0 0 0 0
12 0 0 0 0
61 17 0 0 0
4 0 0 0 0
122 0 6 0 0
88 21 18 0 0
0 0 0 0 0
14 0 0 0 0
0 0 0 0 0
25 0 41 0 0
55 0 0 0 0
0 0 0 0 0
0 0 0 0 0
3 0 0 0 0
0 0 0 0 0
4 0 0 0 0
37 0 0 0 0
0 0 0 0 0
40 0 0 0 0
36 0 0 0 0
0 0 0 0 0
29 0 0 0 0
0 0 0 0 0
26 0 0 0 0
0 0 0 0 0
0 0 27 0 0
0 0 0 0 0
0 0 0 0 0
15 0 0 0 0
0 0 26 0 0
7 0 0 0 0
4 0 0 0 0
0 0 0 0 0
4 0 0 0 0
0 0 5 0 0
0 0 0 0 0
5 0 0 0 0
0 0 0 0 0
0 0 0 0 0
0 0 0 0 0
0 0 0 0 0
8 0 0 0 0
7 0 0 0 0
7 0 0 0 0
30 0 0 36 0
0 0 0 0 0
78 0 0 42 0
12 0 0 0 0
0 0 0 6 0
0 0 0 12 0
6 0 0 0 0
0 0 0 0 0
12 0 0 0 0
30 0 0 0 0
10 0 0 0 0
8 0 0 0 0
0 0 227 0 0
0 0 0 0 0
30 0 0 0 0
17 0 0 0 0
35 0 0 0 0
0 0 0 0 0
0 0 0 0 0
7 0 0 0 0
0 0 0 0 0
0 0 0 0 0
0 0 0 0 0
3 0 0 0 0
7 0 0 0 0
0 0 8 0 0
0 0 0 0 0
5 0 0 0 0
30 20 0 0 0
13 0 0 0 0
14 0 0 0 0
6 0 0 0 0
0 0 0 0 0
6 0 0 0 0
64 0 0 0 0
207 0 10 0 0
17 0 0 0 0
0 0 0 0 0
133 0 0 0 0
0 0 0 0 0
53 0 0 0 0
92 0 19 0 0
0 11 0 0 0
23 0 0 0 0
13 0 0 0 0
0 0 35 0 0
0 0 0 0 0
6 0 0 0 0
7 0 0 0 0
6 0 0 0 0
6 0 0 0 0
6 0 0 0 0
3 0 0 0 0
16 0 0 0 0
0 0 0 4 0
0 0 0 0 0
200 45 252 0 0
0 0 0 0 0
0 0 37 0 0
0 0 0 0 0
81 0 82 0 0
188 0 0 24 0
0 0 0 0 0
0 0 0 0 0
2 0 0 0 0
0 0 0 0 0
13 0 0 0 0
5 0 0 0 0
0 0 4 0 0
0 0 0 0 0
4 0 0 0 0
12 0 0 0 0
32 0 0 0 0
8 0 0 0 0
5 0 0 0 0
18 0 0 0 0
50 17 0 0 0
0 0 0 0 0
5 0 0 0 0
7 0 0 0 0
8 0 0 0 0
57 0 30 0 0
117 0 0 0 0
6 0 0 0 0
0 0 0 0 0
6 0 0 0 0
0 0 0 0 0
3 0 0 0 0
0 0 0 0 0
63 0 11 0 0
26 11 0 0 0
25 60 0 0 0
0 0 0 0 0
9 0 0 0 0
21 0 0 0 0
8 0 0 0 0
12 0 0 0 0
15 0 0 0 0
0 0 0 0 0
4 0 0 0 0
73 0 13 0 0
6 0 0 0 0
9 0 0 0 0
0 0 0 0 0
5 0 0 0 0
0 0 0 0 0
27 0 3 0 0
0 0 0 0 0
71 0 0 0 0
0 0 0 0 0
87 0 14 0 0
11 0 0 0 0
0 0 3 0 0
0 0 0 0 0
30 30 0 0 0
8 0 0 0 0
3 0 0 0 0
15 14 0 0 0
0 0 0 0 0
48 0 0 0 0
11 0 0 0 0
6 0 0 0 0
12 0 0 0 0
14 79 0 0 0
11 0 0 0 0
6 0 0 0 0
10 0 0 0 0
6 0 0 0 0
5 0 0 0 0
4 0 0 0 0
6 0 0 0 0
6 0 0 0 0
6 0 0 0 0
3 0 0 0 0
0 0 0 0 0
16 0 0 0 0
12 0 0 0 0
0 0 0 0 0
6 0 0 0 0
6 0 0 0 0
18 0 0 0 0
6 0 0 0 0
0 0 0 0 0
0 0 0 0 0
0 0 12 0 0
0 0 120 0 0
0 0 160 0 0
0 0 62 0 0
0 0 0 0 0
31 0 0 0 0
590 0 0 0 0
5 0 0 0 0
7 0 0 0 0
0 0 0 0 0
33 0 0 0 0
0 0 0 0 0
0 0 0 0 0
0 0 9 0 0
10 0 4 0 0
22 0 0 0 0
0 0 0 0 0
0 0 0 0 0
14 0 0 0 0
4 0 0 4 0
10 0 0 0 0
24 0 0 0 0
0 0 0 0 0
0 0 23 0 0
22 0 0 0 0
10 0 3 0 0
4 0 0 0 0
11 0 0 0 0
5 0 41 0 0
0 0 0 0 0
13 0 0 0 0
3 0 0 0 0
48 0 0 0 0
4 0 0 0 0
3 0 0 0 0
3 0 0 0 0
35 0 0 0 0
4 0 0 0 0
16 0 0 0 0
4 0 0 0 0
0 0 0 0 0
36 0 0 0 0
0 0 0 0 0
0 0 0 0 0
68 0 11 0 0
5 0 10 0 0
72 0 11 0 0
4 0 0 0 0
35 0 0 0 0
0 0 0 0 0
48 0 0 0 0
0 0 103 0 0
0 0 97 0 0
89 0 0 0 0
41 0 0 0 0
0 0 0 0 0
0 0 0 0 3
0 0 0 0 5
0 0 0 0 10
0 0 0 0 7
0 0 0 0 3
0 0 0 0 14
0 0 0 0 8
0 0 14 0 0
0 0 4 0 0
0 0 0 0 5
0 0 3 0 0
0 0 0 0 0
0 0 25 0 0
0 0 23 0 0
27 0 29 0 0
24 0 0 0 0
3 0 0 0 0
10 0 0 0 0
0 0 0 0 0
8 0 6 0 0
8 0 0 0 0
0 0 0 0 0
0 0 26 0 0
0 0 0 0 0
0 0 0 0 0
0 0 12 0 0
0 0 13 0 0
0 0 6 0 0
0 0 30 0 0
0 0 0 0 0
0 0 13 0 0
0 0 0 0 0
0 0 0 0 0
92 0 0 0 0
36 0 222 0 0
6 0 0 0 0
0 0 57 0 0
0 0 55 0 0
4 0 0 0 0
0 0 0 0 0
0 0 0 0 0
0 0 0 0 0
0 0 17 0 0
0 0 0 0 0
0 0 0 0 0
0 0 0 0 0
0 0 0 0 0
0 0 0 0 0
0 0 5 0 0
0 0 0 0 0
0 0 0 0 0
12 0 0 0 0
0 0 0 0 0
24 0 0 0 0
24 0 0 0 0
12 0 0 0 0
12 0 0 0 0
42 0 0 0 0
0 0 0 0 0
12 0 0 0 0
12 0 0 0 0
0 0 0 0 0
336 0 0 0 0
79 0 0 0 0
540 0 0 0 0
15 0 0 0 0
0 0 0 0 0
0 0 35 0 0
0 0 0 0 0
0 0 10 0 0
0 0 0 0 0
0 0 58 0 0
0 0 8 0 0
0 0 4 0 12
32 0 16 0 0
0 0 56 0 0
11 0 9 0 0
0 0 46 0 0
0 0 10 0 0
0 0 19 0 0
0 0 0 0 0
0 0 10 0 0
0 0 14 0 0
0 0 6 0 0
0 0 49 0 0
0 0 6 0 0
10 0 0 0 0
0 0 0 0 0
11 0 0 0 0
1 0 0 0 0
15 0 0 0 0
1 0 0 0 0
0 0 0 0 0
0 0 0 0 0
0 0 0 0 0
0 0 24 0 0
0 0 12 0 0
0 0 17 0 0
42 0 0 0 0
0 0 0 0 0
0 0 0 0 0
0 0 24 0 0
0 0 0 0 0
0 0 33 0 0
0 0 0 0 0
0 0 28 0 0
0 0 78 0 0
0 0 157 0 0
0 0 102 0 0
0 0 129 0 0
0 0 0 0 0
0 0 66 0 0
0 0 19 0 0
22 0 0 0 0
0 0 22 0 0
0 0 201 0 0
0 0 52 0 0
0 0 61 0 0
0 0 6 0 0
0 0 0 0 0
0 0 22 0 0
0 0 7 0 0
0 0 9 0 0
0 0 0 0 0
0 0 7 0 0
0 0 10 0 0
0 0 18 0 0
10 0 10 0 0
0 0 12 0 0
0 0 7 0 0
0 0 15 0 0
0 0 23 0 0
0 0 9 0 0
0 0 7 0 0
0 0 8 0 0
0 0 0 0 0
0 0 0 0 0
3 0 0 0 0
0 0 19 0 0
0 0 7 0 0
0 0 0 0 0
0 0 0 0 0
0 0 0 0 0
0 0 0 0 0
0 0 0 0 0
0 0 0 0 0
0 0 0 0 0
4 0 0 0 0
0 0 0 0 0
0 0 56 0 0
0 0 0 0 0
7 0 18 0 0
0 0 0 0 0
0 0 6 0 0
0 0 0 0 0
127 15 0 0 0
5 0 0 0 0
37 0 0 0 0
5 0 0 0 0
10 0 0 0 0
14 0 0 0 0
28 0 21 0 0
0 0 0 0 0
17 0 10 0 0
44 18 0 0 0
0 0 0 0 0
0 0 0 0 0
36 0 75 0 0
0 0 0 0 0
0 0 0 0 0
4 0 0 0 0
0 0 0 0 0
9 0 0 0 0
6 0 0 0 0
51 0 0 0 0
0 0 0 0 0
0 0 10 0 0
0 0 0 0 0
0 0 0 0 0
0 0 14 0 0
0 0 0 0 0
15 0 0 0 0
0 0 10 0 0
0 0 21 0 0
0 0 0 35 0
0 0 0 0 0
26 0 0 0 0
0 0 0 0 0
0 0 21 0 0
0 0 0 0 0
0 0 0 0 0
0 0 20 0 0
15 0 40 0 0
4 0 0 0 0
0 0 0 0 0
8 0 0 0 0
3 0 0 0 0
10 0 0 0 0
3 0 0 0 0
11 0 0 0 0
11 0 0 0 0
7 0 0 0 0
14 0 0 0 0
7 0 0 0 0
0 0 0 0 14
10 0 0 0 0
7 0 0 0 0
5 0 0 0 0
9 0 0 0 0
2 0 0 0 0
4 0 0 0 0
30 0 0 0 0
3 0 0 0 0
4 0 0 0 0
5 0 0 0 0
0 0 0 0 0
53 0 0 0 0
29 0 0 0 0
23 0 0 0 0
4 0 0 0 0
10 0 0 0 0
0 0 0 0 0
0 0 0 0 0
0 0 0 0 0
67 0 0 0 0
0 0 0 0 0
93 0 0 0 0
0 0 19 0 0
0 0 0 0 0
0 0 6 0 0
0 0 0 0 0
0 0 10 0 0
0 0 0 0 0
9 0 0 0 0
0 0 0 0 0
0 0 19 0 0
0 0 0 0 0
0 0 0 0 0
0 0 0 0 0
45 0 0 0 0
0 0 50 0 0
0 0 0 0 0
30 0 0 0 0
0 0 0 0 0
0 0 0 0 0
13 0 0 0 0
0 0 0 0 0
0 0 5 0 0
0 0 4 0 0
0 0 11 0 0
0 0 11 0 0
225 0 15 0 0
0 0 64 0 0
0 0 0 0 0
0 0 0 0 0
0 0 0 0 0
0 0 0 0 0
0 0 0 0 0
28 0 36 0 0
0 0 0 0 0
2 0 0 0 0
5 0 0 0 0
0 0 0 0 0
0 0 0 0 0
64 0 0 0 0
0 0 0 0 0
0 0 63 0 0
65 0 0 0 0
79 0 0 0 0
0 0 0 0 0
10 0 6 0 0
5 0 0 0 0
109 0 0 0 0
4 0 0 0 0
7 0 0 0 0
36 0 0 0 0
0 0 0 0 0
12 0 0 0 0
0 0 0 0 0
4 0 0 0 0
0 0 0 0 0
46 0 32 0 0
63 0 0 0 0
4 0 0 0 0
0 0 65 0 0
0 0 7 0 0
0 0 20 0 0
0 0 0 0 0
0 0 0 0 0
30 0 10 0 0
0 0 0 0 0
0 0 21 0 0
0 0 0 0 0
10 0 0 0 0
24 0 0 0 0
5 0 0 0 0
0 0 0 0 0
0 0 0 0 0
0 0 0 0 0
0 0 0 0 0
0 0 0 0 0
3 0 5 0 0
0 0 4 0 0
0 0 0 0 0
4 0 0 0 0
6 0 0 0 0
0 0 0 0 0
0 0 0 0 0
0 0 0 0 0
25 0 37 0 0
0 0 37 47 0
0 0 24 0 0
0 0 0 0 0
48 0 25 0 0
0 0 0 0 0
0 0 0 0 0
3 0 0 0 0
11 0 0 0 0
0 0 0 0 0
0 0 0 0 0
0 0 0 0 0
7 0 0 0 0
8 0 0 0 0
0 0 39 0 0
0 0 0 0 0
53 0 0 0 0
0 0 16 0 0
29 0 0 0 0
0 0 5 0 0
14 0 0 0 0
0 0 63 0 0
48 0 0 0 0
56 0 0 0 0
21 0 0 0 0
51 0 0 0 0
3 0 0 0 2
0 0 0 0 0
0 0 10 0 0
0 6 0 0 0
0 0 9 0 0
0 0 0 0 0
0 0 11 0 0
0 0 10 0 0
0 0 10 0 0
0 0 0 0 0
0 0 20 0 0
0 0 17 0 0
0 0 55 0 0
0 0 0 0 0
12 0 0 0 0
22 0 0 0 0
0 0 0 0 0
0 0 0 0 30
45 0 0 0 30
23 0 0 0 0
49 0 0 0 0
17 0 0 0 0
0 0 28 0 0
0 0 0 0 0
0 0 0 0 0
41 0 193 0 0
0 0 0 0 0
0 0 0 0 0
0 0 37 0 0
0 0 0 0 0
0 0 0 0 0
0 0 27 0 0
0 0 0 0 0
0 0 0 0 0
0 0 0 0 0
0 0 6 0 0
0 0 0 0 0
0 0 0 0 0
0 0 27 0 0
0 0 0 0 0
0 0 0 0 0
0 0 0 0 0
0 0 38 0 0
29 0 0 0 0
0 0 49 0 0
29 0 0 0 0
33 0 0 0 0
26 0 0 0 0
43 0 0 0 0
0 0 42 0 0
17 0 0 0 0
9 0 0 0 0
12 0 0 0 0
0 0 0 0 0
0 27 0 0 0
0 0 0 0 0
0 0 4 45 0
7 0 0 0 0
0 0 0 0 0
0 0 0 0 0
0 0 10 0 0
0 0 13 0 0
0 0 8 0 0
0 0 0 0 0
0 0 0 0 0
0 0 0 0 0
0 0 0 0 0
0 0 0 0 0
489 0 0 0 0
0 0 457 0 0
19 0 0 0 0
5 0 0 0 0
109 0 12 0 0
0 0 0 0 0
11 0 0 0 0
0 0 21 0 0
0 0 0 0 0
0 0 0 0 0
0 0 6 0 0
0 0 0 0 0
27 0 0 0 0
0 0 0 0 0
0 0 0 0 0
6 0 0 0 0
13 0 0 0 0
18 0 3 0 0
5 0 0 0 0
0 0 23 0 0
0 0 0 0 0
0 0 6 0 0
0 0 0 0 0
6 0 0 0 0
0 0 0 0 0
0 0 0 0 0
3 0 0 0 0
0 0 0 0 0
12 0 0 0 0
0 0 33 0 0
0 0 0 0 0
0 0 0 0 0
0 0 0 0 0
0 0 27 0 0
0 0 0 0 0
0 0 0 0 0
0 0 0 0 0
0 0 0 0 0
0 0 3 0 0
23 0 3 0 0
26 0 40 0 0
83 0 0 0 0
21 0 0 0 0
12 0 0 0 0
97 0 0 0 0
0 0 0 0 0
19 0 0 0 0
0 0 0 0 0
0 0 0 0 0
0 0 0 21 0
0 0 0 31 0
0 0 27 0 0
0 0 95 0 0
0 0 64 0 0
0 0 0 28 0
0 0 40 0 0
40 0 0 0 0
0 0 0 15 0
0 0 34 0 0
0 0 0 40 0
0 0 0 0 0
0 0 20 0 0
0 0 0 0 0
0 0 0 0 0
0 0 0 0 0
20 0 0 0 0
0 0 0 0 0
0 0 0 0 0
0 0 0 0 0
16 0 0 0 0
0 0 0 0 0
10 0 0 0 0
12 0 0 0 0
9 0 0 0 0
11 0 0 0 0
26 0 0 0 0
6 0 0 0 0
5 0 0 0 0
5 0 0 0 0
15 0 0 0 0
6 0 0 0 0
10 0 0 0 0
14 0 0 0 0
7 0 0 0 0
6 0 0 0 0
5 0 0 0 0
2 0 0 0 0
0 0 0 0 0
5 0 0 0 0
0 0 0 0 0
0 0 0 0 0
0 0 16 0 0
5 0 0 0 0
10 0 0 0 0
6 0 0 0 0
0 0 0 0 0
6 0 2 0 0
3 0 0 0 0
10 0 0 0 0
4 0 0 0 0
16 0 0 0 0
0 0 0 0 0
0 0 12 0 0
0 0 0 0 0
95 0 0 0 0
0 0 13 0 0
8 0 0 0 0
6 0 0 0 0
14 0 0 0 0
22 0 0 0 0
0 0 0 0 0
5 0 0 0 0
0 0 3 0 0
14 0 0 0 0
33 16 0 0 0
23 0 0 0 0
0 0 0 0 0
2 0 0 0 0
0 0 0 0 0
0 0 17 0 0
0 0 0 0 0
25 0 35 0 0
0 0 0 0 0
0 0 0 0 0
0 0 0 0 0
0 0 0 0 0
5 0 0 0 0
0 0 0 0 0
0 0 10 0 0
0 0 0 0 0
74 0 109 0 0
0 0 0 0 0
0 0 0 0 0
5 0 0 0 0
0 0 0 0 0
14 0 0 0 0
0 0 20 0 0
0 0 0 0 0
49 0 0 0 0
0 0 0 0 0
17 0 0 0 0
0 0 0 0 0
0 0 0 0 0
0 0 0 0 0
3 0 0 0 0
0 0 0 0 0
0 0 0 0 0
0 0 0 0 0
0 0 0 0 0
0 0 7 0 0
11 0 7 0 0
2 0 0 0 0
59 0 0 0 0
0 0 0 0 0
24 0 0 0 0
58 0 0 0 0
0 0 0 0 0
31 0 142 31 0
0 0 0 0 0
5 0 0 0 0
0 0 0 0 0
10 0 5 0 0
0 0 11 0 0
620 0 0 0 0
0 0 0 0 0
11 0 0 0 0
0 0 0 0 0
7 0 0 0 0
4 0 0 0 0
47 0 0 0 0
0 0 0 0 0
14 0 0 0 0
0 0 10 0 0
0 0 0 0 0
0 0 0 0 0
0 0 22 0 0
0 0 0 0 0
0 0 0 0 0
0 0 25 0 0
0 0 0 0 0
0 0 0 0 0
15 0 0 0 0
0 0 0 0 0
0 0 0 0 0
6 0 0 0 0
0 0 0 0 0
20 0 0 0 0
0 0 0 0 0
0 0 0 0 0
0 6 0 3 0
3 0 0 0 0
5 0 0 0 0
0 0 0 0 0
0 0 0 0 0
0 0 0 0 0
12 0 0 0 0
276 0 0 0 0
5 0 0 0 0
0 0 49 0 0
4 0 0 0 0
8 0 0 0 0
76 0 8 0 0
3 0 0 0 0
18 0 0 0 0
6 0 0 0 0
0 0 41 0 0
0 0 0 0 0
0 0 25 0 0
0 0 0 0 0
0 0 0 0 0
0 0 0 0 0
33 0 0 0 0
5 0 0 0 0
8 0 0 0 0
0 0 0 0 0
0 0 40 0 0
0 0 0 0 0
75 0 0 0 0
0 0 0 0 0
54 0 0 0 0
0 0 0 0 0
25 0 0 0 0
35 0 0 24 0
0 0 0 0 0
0 0 48 0 0
0 0 31 0 0
0 0 0 80 0
0 0 48 0 0
0 0 0 33 0
0 0 0 75 0
0 0 33 0 0
0 0 56 0 0
0 0 35 0 0
0 0 53 0 0
7 0 0 0 0
0 0 0 0 0
6 0 0 0 0
0 0 0 0 0
0 0 20 0 0
0 0 0 0 0
0 0 0 0 0
0 0 0 0 0
26 0 0 0 0
0 0 22 0 0
0 0 31 0 0
0 0 33 0 0
0 0 0 0 0
16 0 0 0 0
5 0 0 0 0
3 0 0 0 0
30 0 0 0 0
28 0 0 0 0
6 0 0 0 0
0 0 19 0 0
0 0 0 0 0
0 0 0 0 0
9 0 0 0 0
0 0 0 0 0
0 0 8 0 0
0 0 23 0 0
0 0 0 0 0
15 0 0 0 0
14 0 0 0 0
27 0 0 0 0
0 0 0 0 0
0 0 12 0 0
0 0 24 0 0
0 0 0 0 0
74 0 0 0 0
0 0 0 0 0
10 0 0 0 0
4 0 0 0 0
0 0 0 0 0
14 0 0 0 0
17 0 17 9 0
0 0 105 0 0
0 0 25 0 0
19 0 0 0 0
0 0 0 0 0
30 0 4 0 0
0 0 15 0 0
0 0 0 0 0
0 0 0 0 0
6 0 0 0 0
10 0 0 0 0
0 0 0 0 0
0 0 0 0 0
6 0 0 0 0
4 0 0 0 0
0 0 0 0 0
0 0 0 0 0
3 0 0 0 0
5 0 0 0 0
36 0 0 0 0
0 0 0 0 0
0 0 0 0 0
0 0 35 0 0
0 0 0 0 0
0 0 71 0 0
0 0 0 0 0
4 0 0 0 0
8 0 0 0 0
6 0 0 0 0
0 0 0 0 0
5 0 0 0 0
11 0 0 0 0
5 0 0 0 0
18 0 0 0 0
6 0 0 0 0
0 0 0 513 0
0 0 0 27 0
0 0 0 33 0
0 0 0 1827 0
0 0 0 1942 0
0 0 0 0 0
0 0 0 0 0
0 0 0 0 0
0 0 0 0 0
0 0 0 0 0
0 0 0 0 0
0 0 0 0 0
0 0 24 0 0
0 0 0 0 0
39 0 0 0 0
0 0 0 0 0
12 0 0 0 0
15 0 0 0 0
0 0 0 0 0
8 0 0 0 0
11 0 0 0 0
0 0 0 0 0
15 0 0 0 0
23 0 0 0 0
0 0 0 0 0
12 0 0 0 0
0 0 0 0 0
0 0 15 0 0
0 0 0 0 0
0 0 30 0 0
0 0 0 0 0
22 0 0 0 0
0 0 0 0 0
0 0 0 0 0
12 0 0 0 0
4 0 0 0 0
6 0 0 0 0
0 0 0 0 0
0 0 35 0 0
0 0 0 0 0
18 0 0 0 0
0 0 0 0 0
0 0 5 0 0
0 0 0 0 0
4 0 0 0 0
8 0 0 0 0
6 0 0 0 0
0 0 24 0 0
0 0 0 0 0
0 0 16 0 0
0 0 0 0 0
0 0 0 0 0
0 0 0 0 0
6 0 0 0 0
4 0 0 0 0
0 6 0 0 0
21 0 0 0 0
4 0 0 0 0
9 0 0 0 0
10 0 0 0 0
6 0 0 0 0
6 0 0 0 0
9 0 0 0 0
6 0 0 0 0
0 0 63 0 0
0 0 0 0 0
0 0 0 0 0
0 0 0 0 0
9 0 0 0 0
18 0 0 0 0
0 0 4 0 0
16 0 0 0 0
0 0 20 0 0
0 0 0 0 0
0 0 0 0 0
25 0 82 0 0
0 0 0 0 0
0 0 0 0 0
0 0 0 15 0
0 0 14 0 0
0 0 0 0 0
0 0 7 0 0
0 0 9 0 0
0 0 11 0 0
0 0 3 0 0
0 0 21 0 0
0 0 0 0 0
0 0 0 0 0
0 0 35 0 0
0 0 0 0 0
50 0 31 0 0
7 0 0 0 0
0 0 0 0 0
12 0 0 0 0
0 0 0 0 0
4 0 0 0 0
7 0 0 0 0
3 0 0 0 0
0 0 9 0 0
0 0 0 0 0
0 0 0 0 0
0 0 0 0 0
12 0 0 0 0
0 6 0 0 0
0 0 0 0 0
28 0 0 0 0
30 0 0 0 0
63 0 0 0 0
15 0 4 0 0
8 0 0 0 0
6 0 0 0 0
6 0 0 0 0
0 0 0 0 0
6 0 0 0 0
5 0 0 0 0
0 0 0 0 0
43 0 0 0 0
0 0 0 0 0
14 0 0 0 0
0 0 0 0 0
8 0 4 0 0
75 0 0 0 0
0 0 5 0 0
15 0 0 0 0
23 0 0 0 0
18 0 0 0 0
6 0 0 0 0
0 0 23 0 0
0 0 0 0 0
0 0 12 0 0
0 0 0 0 0
9 0 0 0 0
0 0 0 0 0
7 0 0 0 0
3 0 0 0 0
5 0 0 0 0
7 0 0 0 0
4 0 0 0 0
6 0 0 0 0
6 0 0 0 0
7 0 0 0 0
26 0 0 0 0
0 0 0 0 0
0 0 0 0 0
0 0 0 0 0
0 0 0 0 0
0 0 0 0 0
0 0 19 0 0
0 0 0 0 0
0 0 0 0 0
0 0 22 0 0
0 0 0 0 0
7 0 0 0 0
22 0 0 0 0
0 0 0 0 0
0 0 0 0 0
0 0 0 37 0
0 0 0 152 0
0 0 0 24 0
0 0 31 0 0
0 0 117 33 0
0 0 0 0 0
82 0 0 0 0
20 0 0 0 0
0 0 0 0 0
10 0 0 0 0
0 0 0 0 0
0 0 0 0 0
0 0 0 0 0
0 0 5 0 0
0 0 0 0 0
6 0 0 0 0
0 0 0 0 0
22 0 0 0 0
0 0 0 0 0
18 0 0 0 0
0 0 0 0 0
5 0 0 0 0
5 0 0 0 0
8 0 0 0 0
7 0 0 0 0
6 0 0 0 0
4 0 0 0 0
5 0 0 0 0
38 0 0 0 0
0 0 0 0 0
114 0 0 0 0
0 0 0 0 0
0 0 0 0 0
0 0 15 0 0
0 0 0 0 0
3 0 0 3 0
0 0 0 0 0
0 0 25 0 0
0 0 0 0 0
0 0 0 0 0
26 0 0 0 0
127 0 10 0 0
0 7 3 0 0
0 0 0 0 0
0 0 18 0 0
0 0 0 0 0
0 0 0 0 0
14 0 0 0 0
0 0 0 0 0
0 0 132 0 0
48 0 0 0 0
0 0 31 0 0
0 0 62 0 0
0 0 44 0 0
0 0 59 0 0
0 0 29 0 0
24 0 0 0 0
0 0 40 0 0
0 0 42 24 0
25 0 0 0 0
0 0 0 0 0
6 0 0 0 0
0 0 75 0 0
18 0 0 0 0
16 0 0 0 0
15 0 0 0 0
30 0 0 0 0
0 0 0 0 0
22 0 0 0 0
0 0 0 0 0
27 0 10 0 0
0 0 8 0 0
0 0 6 0 0
0 0 17 0 0
0 0 0 0 0
0 0 0 0 0
3 0 0 0 0
0 0 0 0 0
0 0 22 0 0
0 0 0 0 0
0 0 0 0 0
24 0 0 0 0
20 0 0 0 0
0 0 0 0 0
0 0 0 25 0
0 0 0 0 0
30 0 0 0 0
0 0 0 0 0
0 0 9 0 0
0 0 0 0 0
0 0 0 0 0
0 0 0 0 0
0 0 0 0 0
0 0 52 0 0
0 0 0 0 0
0 0 10 0 0
0 0 0 0 0
2 0 0 0 0
0 0 0 0 0
0 0 0 0 0
0 0 0 0 0
0 0 0 0 0
23 0 0 0 2
0 0 0 0 0
5 0 0 0 0
0 0 0 0 0
12 0 0 0 0
0 0 0 0 0
0 0 0 0 0
0 0 0 0 0
9 0 0 0 0
0 0 0 0 0
0 0 0 0 0
0 0 99 0 0
0 0 0 0 0
137 0 0 0 0
36 0 34 0 0
22 0 59 0 0
0 0 0 0 0
11 0 0 0 0
9 0 0 0 0
6 0 0 0 0
11 0 0 0 0
5 0 0 0 0
20 0 0 0 0
76 0 0 0 0
0 0 0 0 0
71 0 0 0 0
0 0 0 0 0
6 0 0 0 0
0 0 0 0 0
24 0 0 0 0
0 0 0 0 0
0 0 0 0 0
0 0 13 0 0
0 0 0 0 0
0 0 28 0 0
0 0 0 0 0
0 0 0 0 0
1 0 0 0 0
0 0 0 3 0
0 0 0 0 0
0 0 0 0 0
0 0 30 0 0
0 0 0 0 0
0 0 0 0 0
0 0 0 0 0
0 0 0 0 0
6 0 0 0 0
5 0 0 0 0
42 0 0 0 0
6 0 0 0 0
0 0 0 0 0
10 0 0 0 0
30 0 0 0 0
0 0 0 0 0
25 0 0 0 0
16 0 0 0 0
0 0 0 0 0
9 0 0 0 0
6 0 0 0 0
6 0 0 0 0
34 0 0 0 0
33 0 0 0 0
18 0 0 0 0
5 0 0 0 0
4 0 0 0 0
20 0 0 0 0
0 0 0 0 0
6 0 0 0 0
0 0 0 0 0
6 0 0 0 0
0 0 0 0 0
0 0 0 0 0
0 0 0 0 0
0 0 17 0 0
0 0 0 0 0
0 0 0 0 0
4 0 0 0 0
21 0 0 0 0
0 0 0 0 0
4 0 0 0 0
10 0 0 0 0
0 0 0 0 0
0 0 0 0 0
0 0 0 33 0
0 0 0 0 0
0 0 0 0 0
0 0 0 0 0
0 0 0 0 0
0 0 0 0 0
0 19 0 0 0
0 7 0 0 0
0 10 0 0 0
0 0 2 0 0
0 0 0 0 0
15 0 0 0 0
0 0 0 0 0
6 0 0 0 0
0 0 0 0 0
0 0 10 0 0
0 0 0 0 0
3 0 0 0 0
0 0 4 0 0
14 0 4 0 0
0 0 0 0 0
10 0 0 0 0
0 0 0 0 0
16 0 0 0 0
4 0 0 0 0
21 0 0 0 0
4 0 0 0 0
4 0 0 0 0
25 0 0 0 0
3 0 0 0 0
0 0 0 0 0
30 0 0 0 0
13 0 0 0 0
0 0 30 0 0
0 0 35 0 0
0 0 104 0 0
0 0 59 0 0
0 0 50 0 0
0 0 95 0 0
0 0 43 0 0
4 0 0 0 0
0 0 0 0 0
0 0 21 0 0
0 0 0 0 0
0 0 0 0 0
8 0 0 0 0
6 0 0 0 0
10 0 0 0 0
5 0 0 0 0
7 0 0 0 0
8 0 0 0 0
6 0 0 0 0
7 0 0 0 0
5 0 0 0 0
12 0 0 0 0
11 0 0 0 0
0 0 26 0 0
0 0 0 0 0
0 0 0 0 0
0 0 15 0 0
0 0 0 0 0
0 0 0 0 0
0 0 0 0 0
4 0 0 0 0
3 0 0 0 0
3 0 0 0 0
7 0 0 0 0
8 0 0 0 0
0 0 0 0 0
12 0 0 0 0
62 0 0 0 0
0 0 0 0 0
20 0 17 0 0
0 0 0 0 0
2 0 0 0 0
0 0 0 0 0
0 0 4 0 0
0 0 0 0 0
5 0 0 0 0
0 0 0 0 0
0 0 0 0 0
3 0 11 0 0
0 0 4 0 0
16 0 4 0 0
5 0 0 0 0
3 0 0 0 0
7 0 0 0 0
0 0 4 0 0
4 0 6 0 0
0 0 18 0 0
0 0 0 0 0
0 0 0 0 0
0 0 0 0 0
0 0 41 0 0
0 0 0 0 0
0 0 18 0 0
0 0 0 0 0
0 0 6 0 0
4 0 0 0 0
10 0 0 0 0
4 0 0 0 0
55 13 10 0 0
13 0 0 0 0
0 0 0 0 0
0 0 0 0 0
52 0 0 0 0
0 0 0 0 0
752 0 0 0 0
0 0 0 0 0
17 0 0 0 0
25 0 0 0 0
20 0 0 0 0
30 0 0 0 0
0 0 0 0 0
7 0 0 0 0
11 0 0 0 0
15 5 0 0 0
0 3 0 0 0
0 0 0 0 0
0 0 0 28 0
0 0 0 35 0
0 0 0 0 0
67 0 0 0 0
15 0 0 0 0
0 0 0 0 0
0 0 0 0 0
0 0 0 0 0
0 0 0 0 0
15 0 0 0 0
0 0 0 0 0
0 0 0 0 0
0 0 0 12 0
0 0 44 0 0
0 0 0 0 0
0 0 0 0 0
0 0 0 0 0
0 0 0 0 0
0 0 0 0 0
3 0 0 0 0
0 0 0 0 0
0 0 0 0 0
0 0 0 0 0
12 0 0 0 0
0 0 0 0 0
12 0 0 0 0
0 0 0 0 0
0 0 20 0 0
0 0 0 0 0
0 0 0 20 0
3 0 0 0 0
2 0 0 0 0
6 0 0 0 0
0 0 0 0 0
1 0 0 0 0
4 0 0 0 0
7 0 0 0 0
2 0 0 0 0
9 0 0 0 0
0 0 0 0 0
20 0 27 0 0
0 0 0 0 0
0 0 0 0 0
0 0 1 0 0
3 0 0 0 0
3 0 0 0 0
0 0 0 0 0
4 0 0 0 0
3 0 0 0 0
0 0 6 0 0
0 0 0 0 0
0 0 0 0 0
4 0 0 0 0
11 0 0 0 0
0 0 0 0 0
5 0 0 0 0
3 0 8 0 0
0 0 0 16 0
0 0 6 0 0
6 0 0 0 0
0 0 0 0 0
8 0 0 0 0
0 0 0 0 0
0 0 35 0 0
0 0 0 0 0
0 0 9 0 0
8 0 0 0 0
0 0 0 0 0
25 0 0 0 0
0 0 0 0 0
6 0 0 0 0
4 0 0 0 0
3 0 0 0 0
7 0 0 0 0
0 0 0 0 0
358 0 0 0 0
10 0 0 0 0
59 0 0 0 0
15 0 0 0 0
33 0 0 0 0
6 0 0 0 0
7 0 0 0 0
3 0 0 0 0
0 0 0 0 0
7 0 0 0 0
5 0 0 0 0
26 0 0 0 0
3 0 0 0 0
0 0 0 0 0
0 0 0 0 0
0 0 16 0 0
0 0 0 0 0
15 0 0 0 0
26 0 0 0 0
10 0 0 0 0
20 0 0 0 0
0 0 50 0 0
0 0 0 0 0
0 0 10 0 0
0 0 0 0 0
0 0 0 0 0
38 0 0 0 0
0 0 0 0 0
7 0 0 0 0
0 0 0 0 0
0 0 0 0 0
4 0 0 0 0
20 0 2 0 0
10 0 0 7 0
7 0 0 0 0
0 0 0 0 0
6 0 0 0 0
0 0 0 0 0
7 0 0 0 0
0 0 0 0 0
23 0 0 0 0
3 0 0 0 0
35 0 0 0 0
0 0 0 0 0
0 0 0 0 0
0 0 0 0 0
34 0 0 0 0
10 0 0 0 0
13 0 0 0 0
4 0 0 0 0
7 0 0 0 0
9 0 0 0 0
0 0 0 0 0
5 0 0 0 0
0 0 0 0 0
0 0 0 0 0
15 0 0 0 0
0 0 0 0 0
0 0 52 0 0
0 0 69 0 0
0 0 84 0 0
0 0 70 0 0
0 0 0 0 0
19 0 0 0 0
0 0 0 0 0
0 0 0 0 0
51 0 0 0 0
0 0 0 0 0
2 0 0 0 0
1 0 0 0 0
0 0 0 0 0
0 0 45 91 0
0 0 0 0 0
0 0 0 0 0
4 0 0 0 0
0 0 0 0 0
8 0 0 0 0
0 0 0 0 0
0 0 0 0 0
0 0 10 0 0
0 0 0 0 0
2 0 0 0 0
9 0 0 0 0
0 0 10 0 0
0 0 0 0 0
4 0 0 0 0
0 0 7 0 0
8 0 0 0 0
0 0 40 0 0
0 0 0 0 0
20 0 0 0 0
0 0 0 0 0
20 0 0 0 0
0 0 0 0 0
0 0 0 7 0
0 0 0 11 0
0 0 33 0 0
0 0 0 0 0
0 0 12 0 0
0 0 69 0 0
30 0 0 0 0
0 0 5 0 0
0 0 0 0 0
0 0 22 0 0
0 0 0 0 0
0 0 6 0 0
0 0 19 0 0
0 0 0 0 0
27 0 7 0 0
0 0 0 0 0
0 0 0 0 0
0 0 26 0 0
0 0 25 0 0
0 0 0 0 0
0 0 0 0 0
0 0 0 0 0
6 0 0 0 0
7 0 0 0 0
0 0 0 0 0
0 0 6 0 0
0 0 0 0 0
0 0 0 0 0
3 0 0 0 0
6 0 0 0 0
0 0 5 0 0
4 0 0 0 0
3 0 0 0 0
2 0 0 0 0
3 0 7 0 0
0 0 0 0 0
0 0 0 0 0
10 0 7 0 0
6 0 0 0 0
0 0 0 0 0
4 0 0 0 0
0 0 0 0 0
0 0 0 0 0
0 0 0 0 0
0 0 34 15 0
0 0 25 0 0
0 0 0 0 0
0 0 10 0 0
0 0 0 0 0
0 0 0 0 0
0 0 30 0 0
0 0 0 0 0
0 0 0 0 0
0 0 0 0 0
0 0 0 0 0
0 0 0 0 0
0 0 10 0 0
0 0 0 0 0
20 0 0 0 0
0 0 0 0 0
0 0 0 0 0
6 0 0 0 0
2 0 0 0 0
0 0 0 0 0
0 0 0 0 0
0 0 0 0 0
102 0 8 0 0
15 0 0 0 0
1 0 0 0 0
4 0 0 0 0
7 0 0 0 0
0 0 0 0 0
0 0 0 34 0
0 0 0 0 0
0 0 0 117 0
0 0 0 20 0
0 0 0 24 0
0 0 0 20 0
0 0 0 0 0
5 0 0 0 0
4 0 0 0 0
31 51 0 0 0
4 0 0 0 0
0 0 0 0 0
0 0 0 0 0
0 0 0 0 0
0 0 0 0 0
6 0 0 0 0
0 0 0 0 0
13 0 0 0 0
39 0 0 0 0
0 0 0 0 0
0 0 0 0 3
4 0 0 0 0
0 0 0 0 0
4 0 5 0 0
0 0 5 0 0
2 0 0 0 0
0 0 0 0 0
9 0 0 0 0
0 0 0 0 0
0 0 0 0 0
0 0 60 0 0
0 0 0 0 0
0 0 0 0 0
21 0 0 0 0
7 0 0 0 0
0 0 0 0 0
0 0 5 0 0
0 0 0 0 0
7 0 0 0 0
15 0 0 0 0
8 0 0 0 0
0 0 0 0 0
0 0 0 0 0
0 0 0 0 0
12 0 12 0 0
0 0 0 0 0
8 0 0 0 0
0 0 0 0 0
0 0 0 0 0
0 0 0 0 0
0 0 17 0 0
94 0 0 0 0
0 0 0 0 0
0 0 0 0 0
0 0 0 0 0
0 0 0 11 0
0 0 19 0 0
0 0 15 0 0
0 0 0 0 0
0 0 0 0 0
7 0 0 0 0
32 0 0 0 0
0 0 0 0 0
0 0 0 0 0
0 0 41 0 0
0 0 18 0 0
16 0 0 0 0
0 0 32 0 0
0 0 28 0 0
0 0 25 0 0
0 0 70 0 0
0 0 0 0 0
8 0 0 0 0
4 0 0 0 0
5 0 0 0 0
42 0 7 0 0
0 0 0 0 0
0 1 0 0 0
0 0 0 0 0
42 0 0 0 0
0 0 23 0 0
0 0 0 0 0
0 0 0 0 0
0 0 10 0 0
0 0 0 0 0
0 2 0 0 0
10 0 12 0 0
19 0 0 0 0
203 0 4 0 0
5 0 0 0 0
16 0 0 0 0
4 0 0 0 0
7 0 0 0 0
5 0 0 0 0
79 0 0 0 0
0 0 21 0 0
0 0 0 0 0
0 0 0 0 0
0 0 19 0 0
0 0 0 0 0
8 0 0 0 0
0 0 6 0 0
1 0 0 0 0
0 0 0 0 0
0 0 0 0 0
0 0 0 0 0
0 0 7 0 0
0 0 0 0 0
7 0 0 0 0
0 0 0 0 0
0 0 12 0 0
0 0 0 0 0
0 0 10 0 0
12 0 0 0 0
11 0 0 0 0
0 0 5 0 0
0 0 0 0 0
0 0 0 0 0
11 0 0 0 0
10 0 0 0 0
7 0 0 0 0
4 0 0 0 0
7 0 0 0 0
0 0 0 0 0
0 0 7 0 0
20 0 0 0 0
0 0 0 0 0
2 0 0 0 0
5 0 0 0 0
14 0 0 0 0
0 0 0 0 0
84 0 0 0 0
0 0 0 0 0
0 0 32 0 0
0 0 0 0 0
147 0 0 0 0
0 0 12 0 0
122 0 0 0 0
15 0 0 0 0
52 0 0 0 0
25 0 29 0 0
30 0 0 0 0
33 0 0 0 0
404 0 0 0 0
6 0 0 0 0
0 0 0 0 0
0 0 15 0 0
0 0 0 0 0
0 0 0 0 0
8 0 0 0 0
0 0 0 0 0
0 0 0 0 0
24 0 0 0 0
0 0 0 0 7
5 0 0 0 0
0 0 0 0 0
19 0 0 0 0
0 0 0 0 0
8 0 0 0 0
10 0 0 0 0
27 0 0 0 0
14 0 0 0 0
10 0 0 0 0
6 0 0 0 0
23 0 0 0 0
10 0 0 0 0
8 0 40 0 0
0 0 0 0 0
0 0 0 0 0
0 0 0 0 0
0 0 10 0 0
0 0 0 0 0
0 0 0 0 0
15 0 0 0 0
0 0 0 0 0
0 0 0 0 0
0 0 0 0 0
0 0 0 0 0
0 0 0 0 0
0 0 0 0 0
3 0 0 0 0
0 0 0 0 0
7 0 0 0 0
3 0 0 0 0
71 0 0 0 0
0 0 21 0 0
0 0 0 0 0
0 0 0 0 0
3 0 0 0 0
4 0 0 0 0
6 0 0 0 0
17 0 12 0 0
0 0 0 9 0
0 0 17 0 0
0 0 0 0 0
0 0 0 0 0
0 0 38 0 0
0 0 101 0 0
0 0 0 0 0
0 0 0 0 0
0 0 0 0 0
0 0 0 0 0
0 0 0 0 0
0 0 53 0 0
0 0 60 0 0
0 0 62 0 0
0 0 0 0 0
0 0 0 0 0
0 0 0 0 0
0 0 0 0 0
0 0 0 0 0
0 0 0 0 0
0 0 5 0 0
0 0 0 0 0
0 0 23 0 0
0 0 0 0 0
0 0 0 0 0
0 0 0 0 0
0 0 0 0 0
0 0 0 0 0
0 0 0 0 0
3 0 0 0 0
0 0 0 0 0
0 0 0 0 0
0 0 11 0 0
0 0 6 0 0
0 0 4 0 0
0 0 0 0 0
0 0 0 0 0
13 0 0 0 0
0 0 0 0 0
60 0 0 0 0
0 0 0 0 0
0 0 0 0 0
0 0 3 0 0
0 0 0 0 0
35 0 0 0 0
25 0 0 0 0
95 0 0 0 0
0 0 42 0 0
10 0 0 0 0
15 0 0 0 0
40 0 0 0 0
0 0 96 0 0
0 0 0 0 0
0 0 30 0 0
0 0 0 0 0
12 0 0 0 0
0 0 0 0 0
7 0 0 0 0
0 0 0 0 0
35 0 0 0 0
0 0 0 0 0
0 0 20 0 0
0 0 0 0 0
0 0 0 0 0
0 0 0 0 0
7 0 0 0 0
13 0 0 0 0
7 0 0 0 0
10 0 1 0 0
6 0 0 0 0
2 0 0 0 0
5 0 0 0 0
6 0 0 0 0
0 0 0 0 0
4 0 0 0 0
0 0 0 0 0
47 0 0 0 0
0 0 0 0 0
5 0 0 0 0
0 0 0 0 0
143 0 0 0 0
3 0 0 0 0
5 0 0 0 0
91 0 0 0 0
0 0 0 0 0
60 0 0 0 0
28 0 0 0 0
0 0 0 29 0
27 0 0 0 0
0 0 0 28 0
0 0 0 41 0
0 0 0 98 0
0 0 0 60 0
0 0 0 0 0
0 0 0 0 0
0 0 0 0 0
22 0 0 0 0
0 0 7 0 0
0 0 0 0 0
0 0 0 0 0
0 0 8 0 0
3 0 0 0 0
0 0 0 0 0
9 0 0 0 0
0 0 0 0 0
9 0 0 0 0
4 0 0 0 0
0 0 0 0 0
0 0 50 0 0
0 0 0 0 0
0 0 0 0 0
0 0 0 0 0
0 0 25 0 0
0 0 0 0 0
0 0 0 0 0
30 0 0 0 0
0 0 0 0 0
3 0 0 0 0
3 0 0 0 0
3 0 0 0 0
0 0 0 0 0
2 0 0 0 0
22 0 0 0 0
3 0 0 0 0
13 0 0 0 0
3 0 0 0 0
0 0 0 0 0
0 0 0 0 0
0 0 21 0 0
0 0 0 0 0
0 0 0 0 0
0 0 0 0 0
0 0 9 0 0
0 0 0 0 0
0 0 25 0 0
0 0 28 0 0
0 0 0 0 0
0 0 0 0 0
0 0 20 0 0
0 0 0 0 0
0 0 0 0 21
0 0 0 0 0
0 0 0 0 18
0 0 0 0 0
0 0 0 0 0
65 0 0 0 0
0 0 0 0 0
0 0 15 0 0
0 0 0 0 0
0 0 0 0 0
4 0 0 0 0
15 0 0 0 0
88 16 0 0 0
10 0 0 0 0
6 0 0 0 0
0 0 0 0 0
9 0 0 0 0
0 0 0 0 0
6 0 0 0 0
0 0 0 0 0
0 14 0 0 0
16 0 0 0 0
61 0 0 0 0
11 0 27 0 0
0 0 0 0 0
12 0 0 0 0
14 0 0 0 0
0 0 0 0 0
0 0 10 0 0
0 0 0 0 0
0 0 0 0 0
6 0 0 0 0
0 0 0 0 0
24 0 0 0 0
30 0 0 0 0
18 0 0 0 0
0 0 0 0 0
6 0 0 0 0
6 0 0 0 0
12 0 0 0 0
6 0 0 0 0
42 0 0 0 0
0 0 0 0 0
0 0 0 0 0
12 0 0 0 0
0 0 12 0 0
0 0 0 0 0
0 0 0 0 0
3 0 0 0 0
5 0 0 0 0
0 0 0 0 0
19 0 0 0 0
32 0 0 0 0
0 0 0 0 0
0 0 0 31 0
68 0 0 0 0
22 0 0 0 0
19 0 0 0 0
24 0 0 0 0
0 0 0 46 0
27 0 0 0 0
65 0 0 0 0
0 0 28 97 0
0 0 0 0 0
0 0 0 0 0
0 0 0 0 0
0 0 58 0 0
0 0 0 0 0
0 0 0 0 0
13 0 0 0 0
0 0 0 0 0
0 0 0 0 0
18 0 0 0 0
23 0 0 0 0
0 0 7 0 0
0 0 0 0 0
2 0 0 0 0
0 0 0 0 0
0 0 0 0 0
24 0 0 0 0
0 0 0 0 0
82 0 0 0 0
0 0 35 0 0
0 0 59 0 0
0 0 0 33 0
31 0 0 0 0
28 0 0 0 0
77 0 0 0 0
0 0 0 18 0
28 0 0 0 0
32 0 0 0 0
0 0 0 0 0
0 0 0 0 0
6 0 0 0 0
0 0 0 0 0
0 0 10 0 0
0 0 0 0 0
0 0 72 0 0
0 0 0 0 0
0 0 41 0 0
0 0 43 0 0
0 0 27 0 0
0 0 0 0 0
0 0 9 0 0
0 0 0 0 0
0 0 7 0 0
0 0 0 0 0
0 0 20 0 0
0 0 0 0 0
6 0 0 0 0
0 0 27 0 0
0 0 0 0 0
0 0 0 0 0
2 0 0 0 0
5 4 0 0 0
0 6 0 0 0
8 0 0 5 0
0 0 0 0 0
0 0 0 10 0
0 0 0 5 0
4 0 0 0 0
0 0 0 8 0
0 0 0 0 0
0 0 0 0 0
18 0 0 0 0
18 0 0 0 0
12 0 18 0 0
0 0 12 0 0
0 0 0 0 0
15 0 0 0 0
36 0 0 0 0
0 0 0 0 0
0 0 0 0 0
0 3 0 0 0
0 0 10 0 0
5 0 0 0 0
0 6 0 0 0
0 0 0 0 0
5 0 0 0 0
2 0 0 0 0
0 0 0 0 0
35 0 43 0 0
0 0 0 0 0
0 0 0 0 0
0 0 0 0 0
0 0 6 0 0
0 0 0 0 0
0 0 30 0 0
0 0 0 0 0
4 0 0 0 0
0 0 0 0 0
3 0 0 0 0
10 0 0 0 0
4 0 0 0 0
3 0 7 0 0
3 0 8 0 0
0 0 0 0 0
0 0 0 0 0
6 0 0 0 0
8 0 0 0 0
6 0 0 0 0
7 0 0 0 0
7 0 0 0 0
6 0 0 0 0
14 0 0 0 0
6 0 0 0 0
5 0 0 0 0
17 0 0 0 0
0 0 8 0 0
38 0 0 0 0
0 0 10 0 0
0 0 0 0 0
0 0 7 0 0
12 0 0 0 0
0 0 0 0 0
0 0 17 0 0
0 0 0 0 0
0 0 0 0 0
0 0 20 0 0
0 0 0 0 0
15 0 0 0 0
8 0 0 0 0
10 0 0 0 0
20 0 10 0 0
9 0 0 0 0
0 0 0 0 0
4 0 0 0 0
18 0 0 0 0
0 0 0 0 0
0 0 100 0 0
0 0 0 0 0
0 0 40 0 0
0 0 0 0 0
0 0 0 0 0
0 0 0 0 0
3 0 0 0 0
0 0 0 0 0
0 0 31 0 0
5 0 0 0 0
7 0 14 0 0
0 0 30 0 0
0 0 0 0 0
31 0 0 0 0
8 0 0 0 0
36 0 0 0 0
5 0 0 0 0
175 0 0 0 0
3 0 0 0 0
0 0 0 0 0
0 0 11 0 0
7 0 0 0 0
0 0 27 0 0
0 0 0 0 0
0 0 36 0 0
0 0 32 0 0
0 0 31 0 0
0 0 0 0 0
0 0 16 0 0
0 0 0 0 0
0 0 0 0 0
0 0 0 0 0
7 0 0 0 0
6 0 0 0 0
3 0 0 0 0
0 0 0 0 0
41 0 0 0 0
56 0 0 0 0
17 0 0 0 0
0 0 0 0 0
0 0 0 0 0
0 0 0 0 0
0 0 6 0 0
0 0 0 0 0
0 0 0 0 0
0 0 0 0 0
0 0 0 0 0
5 0 40 0 0
0 0 0 0 0
0 0 0 0 0
0 0 0 0 0
3 0 0 0 0
4 0 0 0 0
0 3 0 0 0
0 0 0 0 0
2 0 0 0 0
0 0 0 0 0
37 0 0 0 0
2 0 0 0 0
0 0 0 0 0
0 0 0 0 0
0 0 0 0 0
4 0 0 0 0
4 0 0 0 0
0 0 0 0 0
0 0 0 0 0
0 0 0 0 0
0 0 0 0 0
0 0 0 0 0
0 0 0 0 0
0 0 0 0 0
4 0 0 0 0
40 0 0 0 0
0 0 0 0 0
4 0 0 0 0
0 0 40 0 0
0 0 0 0 0
20 0 0 0 0
0 0 0 0 0
0 0 0 0 0
0 0 0 0 0
0 0 0 0 0
0 0 0 0 0
0 0 0 0 0
0 0 31 0 0
0 0 22 0 0
0 0 34 0 0
32 0 0 0 0
0 0 26 0 0
0 0 80 0 0
86 0 0 0 0
13 0 0 0 0
0 0 0 0 0
0 0 51 0 0
0 0 37 0 0
0 0 73 0 0
0 0 34 0 0
0 0 61 0 0
0 0 0 0 0
0 0 0 0 0
27 0 0 0 0
5 0 0 0 0
26 0 0 0 0
6 0 0 0 0
19 0 0 0 0
0 0 0 0 0
0 0 12 0 0
0 0 0 0 4
0 0 0 0 2
0 0 0 0 7
0 0 0 0 11
0 0 0 0 7
0 0 0 0 5
0 0 7 0 0
0 0 5 0 0
0 0 0 0 0
0 0 0 0 0
20 0 0 0 0
0 0 0 0 0
36 0 0 0 0
0 0 0 0 0
0 0 22 0 0
0 0 0 0 0
0 0 0 0 0
10 0 0 0 0
4 0 0 0 0
30 0 0 0 0
16 0 0 0 0
4 0 0 0 0
13 0 0 0 0
0 0 0 0 0
0 0 0 0 0
0 0 0 0 0
22 0 0 0 0
11 0 0 0 0
9 0 0 0 0
0 0 0 0 0
0 0 0 0 0
0 0 0 0 0
0 0 16 0 0
0 0 20 0 0
0 0 0 19 0
10 0 0 0 0
0 0 0 0 0
0 0 0 0 0
0 0 40 0 0
0 0 0 0 0
0 0 13 0 0
0 0 0 0 0
0 0 0 0 0
0 0 0 0 0
16 0 0 0 0
12 0 0 0 0
0 0 0 0 0
12 0 0 0 0
6 0 0 0 0
0 0 12 0 0
0 0 0 0 0
0 0 0 0 0
0 0 0 0 0
12 39 12 0 0
0 0 0 0 0
0 0 0 0 0
0 0 0 0 0
200 0 0 0 0
7 0 0 0 0
30 0 0 0 0
21 0 0 0 0
15 0 0 0 0
65 0 7 0 0
13 0 0 0 0
44 0 0 0 0
0 0 0 0 0
16 0 0 0 0
6 0 0 0 0
0 0 0 0 0
12 0 0 0 0
6 0 0 0 0
48 0 0 0 0
12 0 0 0 0
12 0 0 0 0
18 0 0 0 0
6 0 0 0 0
12 0 0 0 0
0 0 0 0 0
0 0 16 0 0
0 0 0 0 7
0 0 5 0 17
0 0 17 0 0
0 0 0 0 0
5 0 0 0 0
6 0 0 0 0
4 0 0 0 0
10 0 0 0 0
7 0 0 0 0
0 0 0 0 0
0 0 0 0 0
0 0 0 0 0
5 0 0 0 0
0 0 19 0 0
0 0 0 0 0
0 0 15 0 0
0 0 0 0 0
0 0 0 29 0
0 0 113 0 0
0 0 34 0 0
0 0 72 0 0
0 0 68 0 0
51 0 0 0 0
0 0 0 33 0
7 0 0 0 0
0 0 0 0 0
30 0 0 0 0
0 0 0 0 0
9 0 5 0 0
50 0 0 0 0
23 0 0 0 0
24 0 0 0 0
8 0 0 0 0
0 0 0 0 0
0 0 0 0 0
2 0 0 0 0
17 0 0 0 0
0 0 0 0 0
0 0 24 0 0
0 0 0 0 0
78 0 0 0 0
0 0 0 0 0
5 6 0 0 0
8 0 0 0 0
0 0 0 0 0
0 0 0 0 0
0 0 0 0 0
25 0 0 0 0
0 0 0 0 0
65 0 0 0 0
2 0 0 0 0
0 0 0 0 0
0 0 0 0 0
0 0 5 0 0
3 0 0 0 0
39 0 0 0 0
5 0 0 0 0
0 0 0 0 0
38 0 0 0 0
0 0 0 0 0
0 0 0 0 0
0 0 0 0 0
0 0 0 0 0
0 0 0 0 0
47 0 0 0 0
4 0 0 0 0
32 0 0 0 0
0 0 0 0 0
0 0 0 0 0
0 0 0 0 0
0 0 0 0 0
0 0 0 0 0
23 0 0 0 0
0 0 0 0 0
0 0 42 0 0
0 0 5 0 0
0 0 0 0 0
24 0 0 0 0
4 0 0 0 0
0 0 5 0 0
0 0 0 0 0
0 0 0 0 0
0 0 0 4 0
0 0 0 0 0
0 0 0 0 0
0 0 0 0 0
10 0 0 0 0
0 0 0 0 0
0 0 13 0 0
0 0 0 0 0
4 0 0 0 0
0 0 0 0 0
10 0 0 0 0
0 0 0 0 0
14 0 0 0 0
12 0 0 0 0
5 0 0 0 0
12 0 0 0 0
14 0 0 0 0
5 0 0 0 0
8 0 0 0 0
5 0 0 0 0
7 0 0 0 0
6 0 0 0 0
0 0 0 0 0
3 0 0 0 0
0 0 42 0 0
0 0 0 0 0
0 0 12 0 0
6 0 0 0 0
4 0 0 0 0
4 0 0 0 0
3 0 5 0 0
14 0 0 0 0
17 0 0 0 0
4 0 0 0 0
5 0 0 0 0
4 0 0 0 0
6 0 0 0 0
14 0 0 0 0
9 0 0 0 0
16 0 0 0 0
9 0 0 0 0
3 0 0 0 0
7 0 0 0 0
0 0 0 0 0
0 0 0 0 0
0 0 14 0 0
0 0 0 0 0
0 0 0 0 0
0 0 0 0 0
0 0 21 0 0
0 0 0 0 0
7 0 0 0 0
2 0 0 0 0
0 0 3 0 0
0 0 0 0 0
4 0 0 0 0
3 0 0 0 0
0 0 0 0 0
0 0 64 0 0
0 0 116 0 0
0 0 52 0 0
0 0 103 0 0
0 0 112 0 0
0 0 98 0 0
0 0 75 0 0
0 0 83 0 0
0 0 105 0 0
0 0 60 0 0
0 0 45 0 0
0 0 0 0 0
0 0 0 0 0
0 0 0 0 0
0 0 0 0 0
0 0 0 0 0
0 0 10 0 0
0 0 0 0 0
6 0 0 0 0
4 0 0 0 0
7 0 0 0 0
0 0 0 0 0
0 0 0 0 0
0 0 0 0 0
0 0 0 0 0
0 0 0 0 0
0 0 0 0 0
0 0 0 0 0
42 0 0 0 0
45 0 0 0 0
0 0 0 0 0
5 0 0 0 0
5 0 0 0 0
0 0 0 0 0
20 0 0 0 0
0 0 0 0 0
20 0 18 0 0
19 0 0 0 0
0 0 0 0 0
0 0 0 0 0
0 0 0 0 0
0 0 0 0 0
0 0 22 0 0
0 0 0 0 0
0 0 0 0 0
0 0 0 0 0
0 0 0 0 0
0 0 0 0 0
0 0 0 0 0
5 0 0 0 0
0 0 0 0 0
3 0 0 0 0
0 0 0 0 0
0 0 0 0 0
0 0 26 0 0
0 0 40 0 0
0 0 0 14 0
0 0 0 0 12
0 0 0 0 0
0 0 0 0 14
11 0 0 0 0
0 0 18 0 0
0 0 0 147 0
0 0 20 45 0
0 0 65 0 0
0 0 0 0 0
0 0 21 0 0
0 0 0 0 0
0 0 15 0 0
0 0 17 0 0
0 0 0 0 0
0 0 0 0 0
0 0 20 0 0
0 0 34 0 0
0 0 0 0 0
0 0 0 0 0
6 0 0 0 0
6 0 0 0 0
6 0 0 0 0
8 0 0 0 0
39 0 0 0 0
3 0 0 0 0
0 0 28 0 0
0 0 0 0 0
0 0 0 0 0
29 0 30 0 0
0 0 0 0 0
7 0 0 0 0
0 0 0 0 0
0 0 0 0 0
12 0 0 0 0
0 0 0 0 0
0 0 44 0 0
0 0 0 0 0
0 0 0 0 0
0 0 0 0 0
19 70 0 0 0
3 0 0 0 0
5 0 0 0 0
0 0 4 0 0
6 0 0 0 0
0 0 0 0 0
0 0 0 0 0
10 0 0 0 0
14 0 0 0 0
10 0 0 0 0
0 0 0 0 0
0 0 0 0 0
0 0 5 0 0
0 0 41 0 0
0 0 0 0 0
0 0 0 0 0
0 0 27 0 0
0 0 0 25 0
0 0 23 0 0
0 0 0 0 0
0 0 0 0 0
0 0 0 0 0
3 0 9 0 0
0 0 0 0 3
0 0 0 0 1
0 0 0 0 3
0 0 5 0 0
0 0 0 0 4
0 0 11 0 0
0 0 0 0 0
0 0 0 4 0
0 0 0 0 0
0 0 0 0 0
20 0 0 0 0
34 0 0 0 0
27 0 0 0 0
48 0 0 0 0
0 0 0 0 0
21 0 0 0 0
0 0 0 0 0
9 0 0 0 0
10 0 0 0 0
0 0 0 0 0
0 0 7 0 0
0 0 0 0 0
10 0 0 0 0
0 0 0 0 0
12 0 0 0 0
6 0 0 0 0
0 0 0 0 0
0 0 0 0 0
0 0 19 0 0
12 0 0 0 0
0 0 0 0 0
0 0 10 0 0
0 0 9 0 0
17 0 0 0 0
11 0 0 0 0
0 0 0 0 0
0 0 0 0 0
0 0 10 0 0
0 0 0 0 0
0 0 0 0 0
4 0 0 0 0
4 0 0 0 0
26 0 0 0 0
0 0 0 0 0
0 0 9 0 0
0 0 0 0 0
9 0 0 0 0
0 0 0 0 0
0 0 0 0 0
0 0 0 0 0
6 0 0 0 0
0 0 0 0 0
5 0 0 0 0
53 0 0 0 0
0 0 0 0 0
26 0 0 0 0
0 0 0 0 0
0 0 0 0 0
0 0 0 0 0
15 0 0 0 0
0 0 0 0 0
8 0 0 0 0
0 0 0 0 0
5 0 0 0 0
0 0 0 0 0
0 0 0 0 0
12 0 0 0 0
0 0 3 0 0
32 0 0 0 0
0 0 0 0 0
7 0 0 0 0
12 0 0 0 0
0 0 0 0 0
0 0 17 0 0
0 0 0 0 0
0 0 19 0 0
0 0 0 0 0
3 0 0 0 0
0 0 0 0 0
3 0 0 0 0
0 0 0 0 0
10 0 0 0 0
5 0 0 0 0
7 0 0 0 0
7 0 0 0 0
5 0 0 0 0
25 0 0 0 0
4 0 0 0 0
12 0 7 0 0
21 0 0 0 0
4 0 0 0 0
24 0 0 0 0
0 0 0 0 0
0 0 0 0 0
0 0 6 0 0
16 0 0 0 0
0 0 6 0 0
13 0 0 0 0
0 0 0 0 0
0 0 0 0 0
5 0 0 0 0
8 0 0 0 0
32 0 0 0 0
44 0 0 0 0
6 0 0 0 0
27 0 0 0 0
3 0 0 0 0
7 0 3 0 0
0 0 12 0 0
0 0 7 0 0
14 0 0 0 0
26 0 0 0 0
17 0 0 0 0
0 0 0 0 0
6 0 0 0 0
0 0 0 0 0
0 0 0 0 0
0 0 30 0 0
0 0 0 0 0
15 0 0 0 0
0 0 26 0 0
0 0 0 0 0
26 0 7 0 0
52 0 0 0 0
9 0 8 0 0
5 0 0 0 0
0 0 0 0 0
0 0 0 0 0
0 0 0 0 0
0 0 20 0 0
0 0 0 0 0
0 0 0 0 0
0 0 0 13 0
0 0 0 0 0
3 0 0 0 0
0 0 0 0 0
0 0 0 42 0
0 0 21 23 0
0 0 0 0 0
0 0 14 0 0
0 0 23 0 0
0 0 0 0 0
0 0 0 0 0
0 0 0 0 0
0 0 0 0 0
0 0 6 0 0
4 0 0 0 0
0 0 0 4 0
6 0 0 0 0
17 0 0 0 0
51 0 0 0 0
13 0 0 0 0
10 0 0 0 0
15 0 10 0 0
0 0 0 0 0
0 0 0 0 0
12 0 0 0 0
0 0 0 0 0
0 0 0 0 0
0 0 0 0 0
0 0 4 0 0
0 0 0 0 0
6 0 0 0 0
0 0 0 0 0
6 0 0 0 0
12 0 0 0 0
6 0 0 0 0
0 0 12 0 0
0 0 18 0 0
6 0 0 0 0
0 0 0 0 0
0 0 0 0 0
0 0 20 0 0
0 0 0 0 0
0 0 0 0 0
0 0 0 0 0
0 0 0 0 0
0 0 20 0 0
0 0 0 0 0
12 0 0 0 0
0 0 0 0 0
0 0 0 0 0
0 0 0 0 0
0 0 0 0 0
0 0 0 0 0
8 0 0 0 0
4 0 0 0 0
9 0 0 0 0
0 0 22 0 0
35 0 0 0 0
15 0 0 0 0
54 0 0 0 0
8 0 0 0 0
8 0 0 0 0
0 0 0 0 0
0 0 7 0 0
0 0 0 0 0
5 0 0 0 0
0 0 0 0 0
5 0 0 0 0
0 0 0 0 0
0 0 0 0 0
22 0 0 0 0
25 0 13 0 0
0 0 0 0 0
0 0 0 0 0
12 0 0 0 0
0 0 0 0 23
17 0 0 0 0
0 0 0 0 0
11 0 0 0 0
6 0 0 0 0
0 0 0 0 0
0 0 0 0 0
0 0 19 0 0
0 0 0 0 0
0 0 0 0 0
0 0 0 0 0
0 0 0 0 0
16 0 0 0 0
0 0 0 0 0
5 0 0 0 0
12 0 0 0 0
14 0 0 0 0
0 0 0 0 0
0 0 7 0 0
0 0 0 0 0
0 0 32 0 0
6 0 0 0 0
0 0 0 0 0
64 0 0 0 0
21 0 0 0 0
0 0 0 25 0
28 0 0 0 0
0 0 0 45 0
24 0 0 0 0
38 0 0 0 0
93 0 0 0 0
0 0 5 0 0
39 0 0 0 0
0 0 0 0 0
0 0 12 0 0
0 0 0 0 0
0 0 21 0 0
0 0 0 0 0
0 0 0 0 0
0 0 25 0 0
0 0 0 0 0
0 0 45 0 0
0 0 0 0 0
0 0 15 0 0
0 0 0 0 0
0 0 0 0 0
0 0 0 0 0
0 0 21 0 0
0 0 0 0 0
0 0 0 0 0
0 0 0 0 0
0 0 0 0 0
25 0 21 0 0
0 0 0 0 0
10 0 0 0 0
6 0 0 0 0
65 0 0 0 0
44 0 0 0 0
0 0 0 0 0
37 0 0 0 0
18 0 0 0 0
0 0 0 0 0
0 0 0 0 0
18 0 0 0 0
0 0 0 0 0
20 0 0 0 0
0 0 0 0 0
0 0 0 0 0
3 0 0 0 0
12 0 0 0 0
3 0 0 0 0
0 0 0 0 0
3 0 0 0 0
0 0 0 0 0
31 0 0 0 0
41 0 0 0 0
0 0 0 0 0
0 0 0 0 0
23 0 0 0 0
0 0 0 0 0
2 0 0 0 0
24 0 0 0 0
0 0 0 0 0
0 0 0 0 0
0 0 0 0 0
0 0 0 0 0
0 0 0 0 0
7 0 0 0 0
0 0 17 0 0
10 0 0 0 0
7 0 0 0 0
0 0 0 0 0
117 0 0 0 0
10 0 0 0 0
9 0 0 0 0
87 0 0 0 0
0 0 0 0 0
10 0 0 0 0
0 0 0 0 0
0 0 0 0 0
0 0 30 0 0
9 0 0 0 0
0 0 0 0 0
16 0 0 0 0
0 0 21 0 0
0 0 18 0 0
0 0 0 0 0
0 0 22 0 0
4 0 0 0 0
0 0 0 0 0
16 0 0 0 0
6 0 6 0 0
0 0 0 0 0
22 0 0 0 0
0 0 0 0 3
0 0 6 0 0
0 0 0 0 6
0 0 5 0 0
0 0 4 0 0
0 0 0 0 3
0 0 0 0 0
9 0 0 0 0
0 0 0 0 0
0 0 0 0 0
0 0 4 0 0
12 0 0 0 0
0 0 0 0 0
3 0 8 0 0
5 0 0 0 0
0 0 0 0 0
4 0 0 0 0
5 0 0 0 0
24 0 0 0 0
108 0 0 0 0
18 0 0 0 0
4 0 0 0 0
0 0 0 0 0
20 0 0 0 0
0 0 0 0 0
30 0 0 0 0
0 0 0 0 0
0 0 0 0 0
0 0 12 0 0
0 0 0 0 0
4 0 0 0 0
14 0 0 0 0
4 0 0 0 0
6 0 0 0 0
4 0 0 0 0
0 0 0 0 0
0 0 0 0 0
0 0 31 0 0
0 0 4 0 0
0 0 0 0 0
11 0 0 0 0
50 0 0 0 0
23 0 0 0 0
0 0 0 0 0
6 0 0 0 0
4 0 0 0 0
0 0 0 0 0
0 0 27 0 0
0 0 0 0 0
0 0 0 0 0
0 0 0 0 0
16 0 0 0 0
0 0 0 0 0
0 0 0 0 0
27 0 0 0 0
0 0 0 0 0
0 0 0 0 0
0 0 0 0 0
5 0 0 0 0
0 0 0 0 0
25 0 0 0 0
0 0 48 0 0
0 0 0 0 0
0 0 0 0 0
0 0 0 0 0
0 0 0 0 0
7 0 0 0 0
0 0 0 0 0
0 0 0 0 0
0 0 4 0 0
0 0 8 0 0
0 0 0 0 0
4 0 0 0 0
0 0 18 0 0
0 0 0 0 0
21 0 0 0 0
0 0 0 0 0
7 0 0 0 0
6 0 0 0 0
25 0 0 0 0
9 0 0 0 0
10 0 0 0 0
0 0 5 0 0
0 0 0 0 0
0 0 10 0 0
30 0 0 0 0
10 0 0 0 0
0 0 34 0 0
0 0 0 0 0
20 0 0 0 0
0 0 0 0 0
0 0 0 0 0
7 0 0 0 0
21 0 0 0 0
0 0 0 0 0
20 0 0 0 0
0 0 0 0 0
0 0 5 0 0
0 0 0 0 0
0 0 7 0 0
0 0 0 0 0
13 0 0 0 0
0 0 7 0 0
0 0 0 0 0
0 0 20 0 0
0 0 0 0 0
20 0 0 0 0
0 0 0 0 0
0 0 0 0 0
0 0 0 0 0
0 0 24 0 0
0 0 0 0 0
0 0 0 0 0
0 0 0 0 0
0 0 22 0 0
0 0 0 0 0
0 0 0 0 0
24 0 0 0 0
6 0 0 0 0
7 0 27 0 0
5 0 0 0 0
5 0 0 0 0
0 0 0 0 0
0 0 0 0 0
0 0 6 0 0
0 0 3 0 0
0 0 7 0 0
0 0 6 0 0
0 0 8 0 0
0 0 0 0 0
8 0 0 0 0
4 0 0 0 0
0 0 0 0 0
18 0 0 0 0
6 0 0 0 0
42 0 0 0 0
0 0 0 0 0
2 0 0 0 0
0 0 0 0 0
0 0 0 0 0
0 0 0 0 0
0 0 0 0 0
0 0 0 0 0
3 0 0 0 0
10 0 0 0 0
5 0 0 0 0
0 0 0 0 0
0 0 0 0 0
0 0 15 0 0
0 0 0 0 0
0 0 0 0 0
11 0 0 0 0
15 0 0 0 0
0 0 0 0 0
6 0 0 0 0
0 0 0 0 0
0 0 35 0 0
13 0 0 0 0
6 0 0 0 0
0 0 0 0 0
0 0 0 0 0
0 0 0 0 0
30 0 0 0 0
0 0 0 0 0
108 0 7 0 0
0 0 0 0 5
12 0 0 0 0
10 0 0 0 0
54 0 0 0 0
5 0 0 0 0
0 0 0 0 0
10 0 0 0 0
0 0 0 0 0
0 5 0 0 0
0 0 3 0 0
0 3 0 0 0
0 6 0 0 0
4 0 0 0 0
61 0 41 0 0
7 0 0 0 0
4 0 0 0 0
12 0 0 0 0
100 0 27 0 0
12 0 0 0 0
0 0 3 0 0
6 0 0 0 0
0 0 0 0 0
12 0 0 0 0
20 0 0 0 0
0 0 0 0 0
32 0 0 0 0
0 0 0 0 0
0 0 31 0 0
0 0 0 0 0
0 0 0 0 0
0 0 0 0 0
0 0 0 0 0
4 0 0 0 0
5 0 0 0 0
5 0 0 0 0
0 0 0 0 0
0 0 0 0 0
6 0 0 0 0
0 0 0 0 0
0 0 25 0 0
0 0 0 0 0
0 0 0 0 0
7 0 0 0 0
0 0 0 0 0
0 0 0 0 0
0 0 0 0 0
0 0 0 0 0
0 0 0 0 0
0 0 0 0 0
3 0 0 0 0
40 0 0 0 0
0 0 0 0 0
0 0 25 0 0
0 0 0 0 0
0 0 0 0 0
0 0 34 0 0
0 0 20 0 0
0 0 0 0 0
0 0 8 0 0
0 0 0 0 0
0 0 0 0 0
0 0 0 0 0
0 0 72 0 0
0 0 0 0 0
0 0 0 0 0
6 0 0 0 0
3 0 0 0 0
8 0 0 0 0
0 0 21 0 0
0 0 0 0 0
0 0 20 0 0
0 0 0 0 0
0 0 13 0 0
13 0 0 0 0
0 0 0 0 0
0 0 16 0 0
0 0 0 0 0
0 0 33 0 0
0 0 0 0 0
0 0 3 0 0
6 0 0 0 0
8 0 0 0 0
0 0 0 0 2
0 0 0 0 0
0 0 0 0 0
0 0 0 0 0
0 5 0 0 0
0 0 10 0 0
12 0 0 0 0
7 0 0 0 0
0 0 29 0 0
0 0 0 0 0
0 0 0 0 0
0 0 0 0 0
0 8 3 0 0
6 0 0 0 0
0 0 0 0 0
0 0 0 0 0
0 0 0 0 0
0 0 26 0 0
0 0 0 0 0
0 0 0 0 0
0 0 0 0 0
0 0 16 0 0
0 0 0 0 0
0 0 0 0 0
0 0 10 0 0
0 0 0 0 0
0 0 0 0 0
0 0 0 0 0
12 0 0 0 0
12 0 0 0 0
26 0 0 0 0
0 0 0 0 0
3 0 0 0 0
0 0 0 0 0
4 0 0 0 0
0 0 0 0 0
0 0 0 0 0
12 0 0 0 0
0 0 0 0 0
0 0 0 0 0
0 0 0 0 0
0 0 0 0 0
0 0 25 0 0
0 0 0 0 0
0 0 0 0 0
0 0 0 0 0
0 0 0 0 0
0 0 0 0 0
0 0 12 0 0
0 0 0 0 0
0 0 8 0 0
0 0 0 0 0
0 0 0 0 0
0 0 30 0 0
17 0 0 0 0
0 0 0 0 0
77 0 9 0 0
0 0 0 0 0
0 0 0 77 0
0 0 0 0 0
0 0 36 0 0
0 0 43 0 0
0 0 32 0 0
0 0 58 0 0
36 0 0 0 0
0 0 0 34 0
0 0 59 0 0
0 0 38 0 0
0 0 27 0 0
0 0 0 0 0
0 0 0 0 0
4 0 0 0 0
5 0 0 0 0
0 0 0 0 0
6 0 0 0 0
0 0 0 0 0
0 0 15 0 0
0 0 0 0 0
0 0 29 0 0
0 0 0 0 0
0 0 0 0 0
6 0 0 0 0
0 0 5 0 0
6 0 0 0 0
0 0 0 0 0
2 0 0 0 0
0 0 0 0 0
23 0 0 0 0
0 0 0 0 0
0 0 0 0 0
0 0 0 21 0
0 0 0 0 0
0 0 0 20 0
0 0 0 18 0
0 0 25 0 0
0 0 0 0 0
24 0 0 0 0
0 0 0 0 0
0 0 0 0 0
5 0 0 0 0
0 0 0 0 0
3 0 0 0 0
4 0 0 0 0
5 0 0 0 0
5 0 0 0 0
0 0 0 0 0
7 0 0 0 0
11 0 0 0 0
0 0 0 0 0
0 0 0 0 0
0 0 53 0 0
0 0 0 0 0
31 0 0 0 0
0 0 41 0 0
0 0 98 0 0
21 0 44 0 0
0 0 38 0 0
0 0 53 0 0
0 0 56 0 0
0 0 0 22 0
0 0 30 0 0
0 0 0 0 0
6 0 0 0 0
0 0 0 0 0
0 0 8 0 0
0 0 0 0 0
17 0 0 0 0
0 0 0 0 0
0 0 20 0 0
0 0 0 0 0
0 0 0 0 0
0 0 0 0 0
0 0 6 0 0
0 0 0 0 0
0 0 0 0 0
26 0 0 0 0
0 0 0 0 0
23 0 0 0 0
0 0 42 0 0
0 0 59 0 0
30 0 0 0 0
0 0 0 0 0
0 0 63 0 0
0 0 49 0 0
34 0 0 0 0
16 0 0 0 0
52 0 0 0 0
0 0 40 0 0
0 0 0 0 0
11 0 0 0 0
0 0 0 0 0
70 0 0 0 0
0 0 0 0 0
4 0 0 0 0
0 0 0 0 0
22 0 0 0 0
4 0 0 0 0
0 0 0 0 0
0 0 0 0 0
0 0 0 0 0
43 0 0 0 0
7 0 0 0 0
8 0 0 0 0
0 0 0 0 0
0 0 12 0 0
2 0 0 0 0
5 0 0 0 0
0 0 10 0 0
0 0 0 0 0
0 0 0 0 0
0 0 15 0 0
0 0 0 0 0
5 0 0 0 0
14 0 0 0 0
0 0 0 0 0
5 0 0 0 0
0 0 8 0 0
0 0 0 0 0
0 0 0 0 0
7 0 0 0 0
6 0 0 0 0
0 0 0 0 0
0 0 0 0 0
0 0 0 0 0
0 0 0 0 0
0 0 39 0 0
0 0 16 0 0
0 0 0 0 0
6 0 0 0 0
0 0 0 0 0
0 0 6 0 0
0 0 12 0 0
0 0 6 0 0
0 0 12 0 0
0 0 0 0 0
0 0 0 0 0
0 0 25 0 0
0 0 0 0 0
0 0 0 0 0
18 0 0 0 0
0 0 0 0 0
0 0 0 0 0
0 0 20 0 0
0 0 0 0 0
0 0 0 0 0
0 0 0 0 0
6 0 0 0 0
5 0 0 0 0
7 0 0 0 0
5 0 0 0 0
0 0 0 0 0
0 0 0 0 0
0 0 0 0 0
9 0 0 0 0
0 0 0 0 0
7 0 0 0 0
11 0 0 0 0
0 0 0 0 0
0 0 0 0 0
0 0 30 0 0
0 0 0 0 0
4 0 0 0 0
0 0 0 0 0
0 0 0 0 0
0 0 0 0 0
57 0 0 0 0
5 0 0 0 0
73 0 0 0 0
75 0 0 0 0
7 0 0 0 0
0 0 9 0 0
0 0 0 0 0
0 0 0 0 0
0 0 0 0 0
0 0 40 0 0
34 0 0 0 0
25 0 0 0 0
90 0 0 0 0
18 0 0 0 0
31 0 0 0 0
40 0 98 0 0
0 0 0 0 0
0 0 27 0 0
0 0 7 0 0
0 0 15 0 0
0 0 0 0 0
0 0 8 0 0
0 0 0 0 0
0 0 21 0 0
0 0 0 0 0
0 0 5 0 0
0 9 9 0 0
0 0 5 0 0
0 0 0 0 0
0 0 0 0 0
5 0 0 0 0
0 0 0 0 0
0 0 0 0 0
0 0 0 0 0
8 0 0 0 0
0 0 9 0 0
0 0 0 0 0
0 0 0 0 0
0 2 0 0 0
0 0 0 0 0
25 15 0 0 0
0 0 0 0 0
0 0 0 0 0
6 9 0 3 0
0 0 35 0 0
0 0 0 0 0
0 0 0 0 0
10 0 0 0 0
0 0 3 0 0
0 0 0 0 0
0 0 0 0 0
0 0 0 0 0
14 0 14 11 0
0 0 0 0 0
0 0 0 0 0
7 0 0 0 0
21 0 0 0 0
0 0 5 0 0
52 0 0 0 0
6 0 0 0 0
11 0 0 0 0
6 0 0 0 0
0 0 0 18 0
12 0 0 0 0
2 0 0 0 0
0 0 7 0 0
0 0 0 0 18
4 0 0 0 0
0 0 9 0 0
20 0 0 0 0
81 0 0 0 0
12 0 0 0 0
7 0 0 0 0
6 0 0 0 0
0 0 0 0 0
0 0 0 0 0
0 0 0 0 0
6 0 0 0 0
7 0 0 0 0
0 0 0 0 0
5 0 0 0 0
4 0 0 0 0
0 0 0 0 0
0 0 0 0 0
0 0 0 0 0
0 0 0 0 0
8 0 0 0 0
12 0 0 0 0
0 0 0 0 0
10 0 0 0 0
5 0 0 0 0
15 0 0 0 0
8 0 0 0 0
0 0 0 0 0
3 0 0 0 0
7 0 0 0 0
0 0 0 0 0
0 0 0 0 0
7 0 0 0 0
6 0 0 0 0
0 0 0 0 0
0 0 3 0 0
30 0 49 0 0
0 0 5 0 0
0 0 0 0 0
8 0 0 0 0
0 5 0 0 0
0 4 0 0 0
4 14 0 0 0
11 0 0 0 0
8 3 0 0 0
0 7 0 0 0
0 0 0 0 0
10 0 0 0 0
0 0 0 0 0
0 0 60 0 0
0 0 0 0 0
0 0 34 0 0
0 0 0 0 0
12 0 0 0 0
0 0 0 0 0
0 0 16 0 0
0 0 0 0 0
20 0 0 0 0
0 14 0 0 0
6 0 0 0 0
0 0 0 0 0
0 0 5 0 0
0 0 0 0 0
0 0 9 0 0
17 0 0 0 0
0 0 7 0 0
53 0 0 0 0
0 0 0 2 0
5 0 0 0 0
52 0 0 0 0
0 0 60 0 0
0 0 54 0 0
0 0 66 0 0
0 0 49 0 0
80 0 0 0 0
0 0 0 0 0
0 0 0 0 0
0 0 0 0 0
0 0 0 0 0
102 0 0 0 0
66 0 0 0 0
0 0 0 0 0
7 0 0 0 0
0 0 0 0 0
5 0 0 0 0
20 0 0 0 0
0 0 0 0 0
5 0 0 0 0
12 0 0 0 0
0 0 6 0 0
0 0 0 0 0
0 0 5 0 0
0 0 0 0 0
37 0 0 0 0
96 0 0 0 0
0 0 0 0 0
97 0 0 0 0
0 0 0 0 0
0 0 0 0 0
0 0 0 0 0
0 0 0 16 0
0 0 27 0 0
0 0 35 0 0
0 0 0 0 0
0 0 0 0 0
0 0 0 30 0
0 0 0 34 0
0 0 19 0 0
0 0 0 0 0
0 0 0 0 0
4 0 0 0 0
0 0 0 0 0
0 0 0 0 0
0 0 0 31 0
0 0 23 0 0
98 0 0 0 0
0 0 0 0 0
12 0 0 0 0
0 0 0 0 0
73 0 0 0 0
32 0 0 0 0
0 0 0 0 0
30 0 0 0 0
0 0 0 0 0
0 0 0 0 0
0 0 0 0 0
0 0 0 0 0
12 0 0 0 0
0 0 0 0 0
11 0 0 0 0
0 0 0 0 0
0 0 17 0 0
0 0 3 0 0
0 0 21 0 0
0 0 0 0 0
0 0 0 0 0
0 0 0 0 0
0 0 0 0 0
7 0 0 0 0
0 0 0 0 0
0 0 0 0 0
13 0 0 0 0
6 0 0 0 0
25 0 0 0 0
24 0 0 0 0
0 0 0 0 0
9 0 0 0 0
18 0 0 0 0
12 0 0 0 0
31 0 0 0 0
51 0 0 0 0
0 0 7 0 0
0 0 4 0 0
0 0 3 0 0
0 0 38 0 0
0 0 25 0 0
5 0 5 0 0
0 0 26 0 0
0 0 20 0 0
0 0 15 0 0
0 0 38 0 0
0 0 15 0 0
0 0 37 0 0
0 0 37 0 0
6 0 0 0 0
0 0 0 0 0
12 0 0 0 0
12 0 0 0 0
6 0 0 0 0
7 0 0 0 0
0 0 0 0 0
0 0 0 0 0
0 0 0 0 0
0 0 0 0 0
8 0 0 0 0
7 0 0 0 0
0 0 0 0 0
4 0 0 0 0
5 0 0 0 0
5 0 0 0 0
8 0 0 0 0
55 0 0 0 0
0 0 0 0 0
0 0 0 0 0
5 0 0 0 0
154 0 0 0 0
415 0 0 0 0
0 0 0 0 0
5 0 0 0 0
3 0 0 0 0
0 0 0 0 0
13 0 0 0 0
0 0 0 0 0
5 0 0 0 0
4 0 0 0 0
9 0 0 0 0
0 0 0 0 0
0 0 0 0 0
3 0 0 0 0
9 0 0 0 0
3 0 0 0 0
0 0 0 0 0
0 0 45 0 0
0 0 0 0 0
0 0 0 0 0
10 0 0 0 0
35 0 0 0 0
0 0 25 0 0
0 0 67 0 0
8 0 0 0 0
0 2 0 0 0
14 0 0 0 0
7 0 0 0 0
4 0 0 0 0
3 0 0 0 0
3 0 0 0 0
13 0 0 0 0
12 0 0 0 0
2 0 0 0 0
16 0 0 0 0
35 0 0 0 0
21 0 0 0 0
20 0 0 0 0
9 0 0 0 0
16 0 0 0 0
3 0 0 0 0
11 0 0 0 0
15 0 0 0 0
6 0 0 0 0
10 0 0 0 0
0 0 0 0 0
0 0 0 0 0
0 0 0 0 0
0 0 0 0 0
0 0 7 0 0
0 0 6 0 0
3 0 0 0 0
0 0 0 0 0
4 0 0 0 0
0 0 0 0 0
0 0 0 0 0
15 0 0 0 0
0 0 0 0 0
0 0 0 0 0
0 0 0 0 0
0 0 0 0 0
0 0 0 0 0
7 0 0 0 0
3 0 0 0 0
0 0 26 0 0
0 0 0 0 0
0 0 0 0 0
0 0 7 0 0
0 0 0 0 0
0 0 23 0 0
17 0 0 0 0
0 0 0 0 0
69 0 0 0 0
0 0 0 0 0
0 0 15 0 0
0 0 37 0 0
0 0 0 0 0
0 0 0 0 0
0 0 0 0 0
4 0 0 0 0
18 0 0 0 0
0 0 0 0 0
7 0 0 0 0
0 0 0 0 0
6 0 0 0 0
7 0 0 0 0
0 0 0 0 0
0 0 0 0 0
6 0 0 0 0
0 0 0 0 0
4 0 0 0 0
0 0 0 0 0
0 0 0 0 0
5 0 0 0 0
4 0 0 0 0
0 0 0 0 0
5 0 0 0 0
18 0 0 0 0
0 0 0 0 0
6 0 0 0 0
48 0 0 0 0
0 0 0 0 0
0 0 0 0 0
0 5 0 0 0
0 0 0 0 0
0 0 0 0 0
0 0 0 0 0
4 0 0 0 0
0 0 0 0 0
8 0 0 0 0
3 0 0 0 0
0 0 5 0 0
5 0 0 0 0
3 0 0 0 0
0 0 0 0 0
0 0 6 5 0
0 0 29 0 0
0 0 0 0 0
0 0 22 0 0
0 0 0 0 0
2 0 0 0 0
1 0 0 0 0
31 0 0 0 0
22 0 0 0 0
0 0 0 0 0
5 0 0 0 0
10 0 0 0 0
6 0 0 0 0
0 0 0 0 0
11 0 0 0 0
0 0 0 0 0
5 0 0 0 0
6 0 0 0 0
0 0 30 0 0
0 0 0 0 0
0 0 0 0 0
5 0 0 0 0
5 0 0 0 0
7 0 0 0 0
9 0 0 0 0
0 0 0 0 0
0 0 0 0 0
0 0 0 0 0
0 0 0 0 0
13 0 0 0 0
2 0 0 0 0
0 0 0 0 0
0 0 0 0 0
0 0 23 0 0
0 0 35 0 0
0 0 47 0 0
0 0 46 0 0
0 0 0 0 0
0 0 0 0 0
0 0 0 0 0
0 0 0 0 0
0 0 0 0 0
37 0 0 0 0
0 0 0 0 0
3 0 0 0 0
0 0 0 0 0
86 0 0 0 0
11 0 0 0 0
0 0 0 0 0
5 0 0 0 0
0 0 12 0 0
0 0 5 0 0
9 0 0 0 0
0 0 0 0 0
10 0 0 0 0
0 0 0 0 0
0 0 0 0 0
0 0 0 0 0
0 0 19 0 0
0 0 0 0 0
0 0 0 0 0
5 0 0 0 0
0 0 0 0 0
5 0 0 0 0
0 0 21 0 0
0 0 0 0 0
0 0 0 0 0
0 0 0 0 0
4 0 0 0 0
5 0 0 0 0
4 0 0 0 0
6 0 0 0 0
0 0 0 0 0
6 0 0 0 0
0 0 0 0 0
6 0 0 0 0
0 0 0 0 0
9 0 0 0 0
5 0 0 0 0
5 0 0 0 0
7 0 0 0 0
0 0 0 0 0
4 0 0 0 0
0 0 0 0 0
3 0 0 0 0
6 0 0 0 0
0 0 0 0 0
6 0 0 0 0
8 0 0 0 0
6 0 0 0 0
8 0 0 0 0
5 0 0 0 0
5 0 0 0 0
0 0 0 0 0
0 0 15 0 0
0 0 0 0 0
86 0 0 0 0
6 0 30 0 0
9 0 0 0 0
0 0 25 0 0
0 0 0 0 0
7 0 0 0 0
14 0 0 0 0
0 4 0 0 0
0 0 0 8 0
0 0 0 0 0
12 0 0 0 0
8 0 0 0 0
4 0 0 0 0
3 0 0 0 0
4 0 0 0 0
4 0 0 0 0
0 0 0 0 0
0 0 0 0 0
5 0 0 0 0
18 0 0 0 0
0 0 0 0 0
0 0 0 0 0
0 0 0 0 0
0 0 0 0 0
7 0 0 0 0
0 0 0 0 0
0 0 0 0 0
4 0 0 0 0
0 0 0 0 0
0 0 7 0 0
100 0 10 0 0
31 0 0 0 0
0 0 29 0 0
0 0 28 0 0
0 0 15 49 0
0 0 54 0 0
0 0 85 0 0
0 0 45 0 0
0 0 54 0 0
0 0 0 30 0
0 0 0 0 0
12 0 0 0 0
40 0 0 0 0
25 0 0 0 0
0 0 0 0 0
0 0 0 0 0
0 0 100 0 0
0 0 0 0 0
0 4 0 0 0
0 0 18 0 0
0 0 0 0 0
0 0 0 0 0
0 0 0 0 0
39 0 17 0 0
3 0 0 0 0
4 0 0 0 0
6 0 0 0 0
0 0 0 0 0
6 0 0 0 0
0 0 10 0 0
3 0 0 0 0
0 0 7 0 0
0 0 5 0 0
0 0 0 0 0
0 0 0 0 0
0 0 0 0 0
0 0 0 0 0
5 0 0 0 0
7 0 0 0 0
0 0 0 0 0
0 0 0 0 0
0 0 27 0 0
0 0 0 0 0
0 0 0 0 0
32 0 56 0 0
0 0 0 0 0
0 0 0 0 0
0 0 0 0 0
0 0 0 0 0
15 0 0 0 0
0 0 0 0 0
0 0 3 0 0
0 0 0 0 0
4 0 0 0 0
4 0 0 0 0
0 0 0 0 0
0 0 0 0 0
0 0 0 0 0
0 0 5 0 0
3 0 0 0 0
73 0 0 0 0
0 0 0 0 0
15 0 0 0 0
0 0 0 0 0
0 0 20 0 0
0 0 0 0 0
0 0 0 0 0
7 0 0 0 0
6 0 0 0 0
0 0 0 0 0
0 0 6 0 0
24 0 0 0 0
0 0 0 0 0
12 0 0 0 0
0 0 0 0 0
1 0 0 0 0
7 0 0 0 0
2 0 0 0 0
0 0 0 0 0
0 0 0 0 0
6 0 0 0 0
0 0 0 0 0
0 0 4 0 0
0 0 0 0 0
0 0 0 0 0
0 0 5 0 0
0 0 4 0 0
0 0 0 0 0
0 0 0 0 0
0 0 0 0 0
0 0 0 0 0
38 0 0 0 0
16 0 0 0 0
0 0 2 0 0
0 0 0 0 0
4 0 0 0 0
0 0 0 0 0
14 0 0 0 0
6 0 0 0 0
10 0 0 0 0
6 0 0 0 0
12 0 0 0 0
8 0 0 0 0
6 0 0 0 0
6 0 0 0 0
7 0 0 0 0
4 0 0 0 0
0 0 0 0 0
0 0 0 0 0
0 0 0 0 0
0 0 0 0 0
0 0 0 0 0
0 0 28 0 0
0 0 0 0 0
0 0 0 0 0
0 0 26 0 0
0 0 0 0 0
0 0 0 0 0
